service_id,date,exception_type
26734514,20191201,1
26734514,20191208,1
26734514,20200216,1
26734514,20201101,1
26734514,20201005,1
26734514,20211101,1
26734514,20200225,1
26734514,20201201,1
26734514,20201208,1
26734514,20210216,1
26734514,20211005,1
26734514,20191225,1
26734514,20200101,1
26734514,20200603,1
26734514,20200610,1
26734514,20211201,1
26734514,20211208,1
26734514,20200402,1
26734514,20200611,1
26734514,20210603,1
26734514,20210610,1
26734514,20191101,1
26734514,20200501,1
26734514,20201225,1
26734514,20191005,1
26734514,20200404,1
26734514,20200425,1
26734514,20200613,1
26734514,20210501,1
26734516,20191201,1
26734516,20191208,1
26734516,20200216,1
26734516,20201101,1
26734516,20201005,1
26734516,20211101,1
26734516,20200225,1
26734516,20201201,1
26734516,20201208,1
26734516,20210216,1
26734516,20211005,1
26734516,20191225,1
26734516,20200101,1
26734516,20200603,1
26734516,20200610,1
26734516,20211201,1
26734516,20211208,1
26734516,20200402,1
26734516,20200611,1
26734516,20210603,1
26734516,20210610,1
26734516,20191101,1
26734516,20200501,1
26734516,20201225,1
26734516,20191005,1
26734516,20200404,1
26734516,20200425,1
26734516,20200613,1
26734516,20210501,1
26734518,20191201,1
26734518,20191208,1
26734518,20200216,1
26734518,20201101,1
26734518,20201005,1
26734518,20211101,1
26734518,20200225,1
26734518,20201201,1
26734518,20201208,1
26734518,20210216,1
26734518,20211005,1
26734518,20191225,1
26734518,20200101,1
26734518,20200603,1
26734518,20200610,1
26734518,20211201,1
26734518,20211208,1
26734518,20200402,1
26734518,20200611,1
26734518,20210603,1
26734518,20210610,1
26734518,20191101,1
26734518,20200501,1
26734518,20201225,1
26734518,20191005,1
26734518,20200404,1
26734518,20200425,1
26734518,20200613,1
26734518,20210501,1
26734490,20191201,1
26734490,20191208,1
26734490,20200216,1
26734490,20201101,1
26734490,20201005,1
26734490,20211101,1
26734490,20200225,1
26734490,20201201,1
26734490,20201208,1
26734490,20210216,1
26734490,20211005,1
26734490,20191225,1
26734490,20200101,1
26734490,20200603,1
26734490,20200610,1
26734490,20211201,1
26734490,20211208,1
26734490,20200402,1
26734490,20200611,1
26734490,20210603,1
26734490,20210610,1
26734490,20191101,1
26734490,20200501,1
26734490,20201225,1
26734490,20191005,1
26734490,20200404,1
26734490,20200425,1
26734490,20200613,1
26734490,20210501,1
26734492,20191201,1
26734492,20191208,1
26734492,20200216,1
26734492,20201101,1
26734492,20201005,1
26734492,20211101,1
26734492,20200225,1
26734492,20201201,1
26734492,20201208,1
26734492,20210216,1
26734492,20211005,1
26734492,20191225,1
26734492,20200101,1
26734492,20200603,1
26734492,20200610,1
26734492,20211201,1
26734492,20211208,1
26734492,20200402,1
26734492,20200611,1
26734492,20210603,1
26734492,20210610,1
26734492,20191101,1
26734492,20200501,1
26734492,20201225,1
26734492,20191005,1
26734492,20200404,1
26734492,20200425,1
26734492,20200613,1
26734492,20210501,1
26734494,20191201,1
26734494,20191208,1
26734494,20200216,1
26734494,20201101,1
26734494,20201005,1
26734494,20211101,1
26734494,20200225,1
26734494,20201201,1
26734494,20201208,1
26734494,20210216,1
26734494,20211005,1
26734494,20191225,1
26734494,20200101,1
26734494,20200603,1
26734494,20200610,1
26734494,20211201,1
26734494,20211208,1
26734494,20200402,1
26734494,20200611,1
26734494,20210603,1
26734494,20210610,1
26734494,20191101,1
26734494,20200501,1
26734494,20201225,1
26734494,20191005,1
26734494,20200404,1
26734494,20200425,1
26734494,20200613,1
26734494,20210501,1
26734496,20191201,1
26734496,20191208,1
26734496,20200216,1
26734496,20201101,1
26734496,20201005,1
26734496,20211101,1
26734496,20200225,1
26734496,20201201,1
26734496,20201208,1
26734496,20210216,1
26734496,20211005,1
26734496,20191225,1
26734496,20200101,1
26734496,20200603,1
26734496,20200610,1
26734496,20211201,1
26734496,20211208,1
26734496,20200402,1
26734496,20200611,1
26734496,20210603,1
26734496,20210610,1
26734496,20191101,1
26734496,20200501,1
26734496,20201225,1
26734496,20191005,1
26734496,20200404,1
26734496,20200425,1
26734496,20200613,1
26734496,20210501,1
26734498,20191201,1
26734498,20191208,1
26734498,20200216,1
26734498,20201101,1
26734498,20201005,1
26734498,20211101,1
26734498,20200225,1
26734498,20201201,1
26734498,20201208,1
26734498,20210216,1
26734498,20211005,1
26734498,20191225,1
26734498,20200101,1
26734498,20200603,1
26734498,20200610,1
26734498,20211201,1
26734498,20211208,1
26734498,20200402,1
26734498,20200611,1
26734498,20210603,1
26734498,20210610,1
26734498,20191101,1
26734498,20200501,1
26734498,20201225,1
26734498,20191005,1
26734498,20200404,1
26734498,20200425,1
26734498,20200613,1
26734498,20210501,1
26734500,20191201,1
26734500,20191208,1
26734500,20200216,1
26734500,20201101,1
26734500,20201005,1
26734500,20211101,1
26734500,20200225,1
26734500,20201201,1
26734500,20201208,1
26734500,20210216,1
26734500,20211005,1
26734500,20191225,1
26734500,20200101,1
26734500,20200603,1
26734500,20200610,1
26734500,20211201,1
26734500,20211208,1
26734500,20200402,1
26734500,20200611,1
26734500,20210603,1
26734500,20210610,1
26734500,20191101,1
26734500,20200501,1
26734500,20201225,1
26734500,20191005,1
26734500,20200404,1
26734500,20200425,1
26734500,20200613,1
26734500,20210501,1
26734502,20191201,1
26734502,20191208,1
26734502,20200216,1
26734502,20201101,1
26734502,20201005,1
26734502,20211101,1
26734502,20200225,1
26734502,20201201,1
26734502,20201208,1
26734502,20210216,1
26734502,20211005,1
26734502,20191225,1
26734502,20200101,1
26734502,20200603,1
26734502,20200610,1
26734502,20211201,1
26734502,20211208,1
26734502,20200402,1
26734502,20200611,1
26734502,20210603,1
26734502,20210610,1
26734502,20191101,1
26734502,20200501,1
26734502,20201225,1
26734502,20191005,1
26734502,20200404,1
26734502,20200425,1
26734502,20200613,1
26734502,20210501,1
26734504,20191201,1
26734504,20191208,1
26734504,20200216,1
26734504,20201101,1
26734504,20201005,1
26734504,20211101,1
26734504,20200225,1
26734504,20201201,1
26734504,20201208,1
26734504,20210216,1
26734504,20211005,1
26734504,20191225,1
26734504,20200101,1
26734504,20200603,1
26734504,20200610,1
26734504,20211201,1
26734504,20211208,1
26734504,20200402,1
26734504,20200611,1
26734504,20210603,1
26734504,20210610,1
26734504,20191101,1
26734504,20200501,1
26734504,20201225,1
26734504,20191005,1
26734504,20200404,1
26734504,20200425,1
26734504,20200613,1
26734504,20210501,1
26734506,20191201,1
26734506,20191208,1
26734506,20200216,1
26734506,20201101,1
26734506,20201005,1
26734506,20211101,1
26734506,20200225,1
26734506,20201201,1
26734506,20201208,1
26734506,20210216,1
26734506,20211005,1
26734506,20191225,1
26734506,20200101,1
26734506,20200603,1
26734506,20200610,1
26734506,20211201,1
26734506,20211208,1
26734506,20200402,1
26734506,20200611,1
26734506,20210603,1
26734506,20210610,1
26734506,20191101,1
26734506,20200501,1
26734506,20201225,1
26734506,20191005,1
26734506,20200404,1
26734506,20200425,1
26734506,20200613,1
26734506,20210501,1
26734508,20191201,1
26734508,20191208,1
26734508,20200216,1
26734508,20201101,1
26734508,20201005,1
26734508,20211101,1
26734508,20200225,1
26734508,20201201,1
26734508,20201208,1
26734508,20210216,1
26734508,20211005,1
26734508,20191225,1
26734508,20200101,1
26734508,20200603,1
26734508,20200610,1
26734508,20211201,1
26734508,20211208,1
26734508,20200402,1
26734508,20200611,1
26734508,20210603,1
26734508,20210610,1
26734508,20191101,1
26734508,20200501,1
26734508,20201225,1
26734508,20191005,1
26734508,20200404,1
26734508,20200425,1
26734508,20200613,1
26734508,20210501,1
26734510,20191201,1
26734510,20191208,1
26734510,20200216,1
26734510,20201101,1
26734510,20201005,1
26734510,20211101,1
26734510,20200225,1
26734510,20201201,1
26734510,20201208,1
26734510,20210216,1
26734510,20211005,1
26734510,20191225,1
26734510,20200101,1
26734510,20200603,1
26734510,20200610,1
26734510,20211201,1
26734510,20211208,1
26734510,20200402,1
26734510,20200611,1
26734510,20210603,1
26734510,20210610,1
26734510,20191101,1
26734510,20200501,1
26734510,20201225,1
26734510,20191005,1
26734510,20200404,1
26734510,20200425,1
26734510,20200613,1
26734510,20210501,1
26734512,20191201,1
26734512,20191208,1
26734512,20200216,1
26734512,20201101,1
26734512,20201005,1
26734512,20211101,1
26734512,20200225,1
26734512,20201201,1
26734512,20201208,1
26734512,20210216,1
26734512,20211005,1
26734512,20191225,1
26734512,20200101,1
26734512,20200603,1
26734512,20200610,1
26734512,20211201,1
26734512,20211208,1
26734512,20200402,1
26734512,20200611,1
26734512,20210603,1
26734512,20210610,1
26734512,20191101,1
26734512,20200501,1
26734512,20201225,1
26734512,20191005,1
26734512,20200404,1
26734512,20200425,1
26734512,20200613,1
26734512,20210501,1
26734520,20191201,1
26734520,20191208,1
26734520,20200216,1
26734520,20201101,1
26734520,20201005,1
26734520,20211101,1
26734520,20200225,1
26734520,20201201,1
26734520,20201208,1
26734520,20210216,1
26734520,20211005,1
26734520,20191225,1
26734520,20200101,1
26734520,20200603,1
26734520,20200610,1
26734520,20211201,1
26734520,20211208,1
26734520,20200402,1
26734520,20200611,1
26734520,20210603,1
26734520,20210610,1
26734520,20191101,1
26734520,20200501,1
26734520,20201225,1
26734520,20191005,1
26734520,20200404,1
26734520,20200425,1
26734520,20200613,1
26734520,20210501,1
26734526,20191201,1
26734526,20191208,1
26734526,20200216,1
26734526,20201101,1
26734526,20201005,1
26734526,20211101,1
26734526,20200225,1
26734526,20201201,1
26734526,20201208,1
26734526,20210216,1
26734526,20211005,1
26734526,20191225,1
26734526,20200101,1
26734526,20200603,1
26734526,20200610,1
26734526,20211201,1
26734526,20211208,1
26734526,20200402,1
26734526,20200611,1
26734526,20210603,1
26734526,20210610,1
26734526,20191101,1
26734526,20200501,1
26734526,20201225,1
26734526,20191005,1
26734526,20200404,1
26734526,20200425,1
26734526,20200613,1
26734526,20210501,1
26734522,20191201,1
26734522,20191208,1
26734522,20200216,1
26734522,20201101,1
26734522,20201005,1
26734522,20211101,1
26734522,20200225,1
26734522,20201201,1
26734522,20201208,1
26734522,20210216,1
26734522,20211005,1
26734522,20191225,1
26734522,20200101,1
26734522,20200603,1
26734522,20200610,1
26734522,20211201,1
26734522,20211208,1
26734522,20200402,1
26734522,20200611,1
26734522,20210603,1
26734522,20210610,1
26734522,20191101,1
26734522,20200501,1
26734522,20201225,1
26734522,20191005,1
26734522,20200404,1
26734522,20200425,1
26734522,20200613,1
26734522,20210501,1
26734524,20191201,1
26734524,20191208,1
26734524,20200216,1
26734524,20201101,1
26734524,20201005,1
26734524,20211101,1
26734524,20200225,1
26734524,20201201,1
26734524,20201208,1
26734524,20210216,1
26734524,20211005,1
26734524,20191225,1
26734524,20200101,1
26734524,20200603,1
26734524,20200610,1
26734524,20211201,1
26734524,20211208,1
26734524,20200402,1
26734524,20200611,1
26734524,20210603,1
26734524,20210610,1
26734524,20191101,1
26734524,20200501,1
26734524,20201225,1
26734524,20191005,1
26734524,20200404,1
26734524,20200425,1
26734524,20200613,1
26734524,20210501,1
26734341,20191201,1
26734341,20191208,1
26734341,20200216,1
26734341,20201101,1
26734341,20201005,1
26734341,20211101,1
26734341,20200225,1
26734341,20201201,1
26734341,20201208,1
26734341,20210216,1
26734341,20211005,1
26734341,20191225,1
26734341,20200101,1
26734341,20200603,1
26734341,20200610,1
26734341,20211201,1
26734341,20211208,1
26734341,20200402,1
26734341,20200611,1
26734341,20210603,1
26734341,20210610,1
26734341,20191101,1
26734341,20200501,1
26734341,20201225,1
26734341,20191005,1
26734341,20200404,1
26734341,20200425,1
26734341,20200613,1
26734341,20210501,1
26734343,20191201,1
26734343,20191208,1
26734343,20200216,1
26734343,20201101,1
26734343,20201005,1
26734343,20211101,1
26734343,20200225,1
26734343,20201201,1
26734343,20201208,1
26734343,20210216,1
26734343,20211005,1
26734343,20191225,1
26734343,20200101,1
26734343,20200603,1
26734343,20200610,1
26734343,20211201,1
26734343,20211208,1
26734343,20200402,1
26734343,20200611,1
26734343,20210603,1
26734343,20210610,1
26734343,20191101,1
26734343,20200501,1
26734343,20201225,1
26734343,20191005,1
26734343,20200404,1
26734343,20200425,1
26734343,20200613,1
26734343,20210501,1
26734345,20191201,1
26734345,20191208,1
26734345,20200216,1
26734345,20201101,1
26734345,20201005,1
26734345,20211101,1
26734345,20200225,1
26734345,20201201,1
26734345,20201208,1
26734345,20210216,1
26734345,20211005,1
26734345,20191225,1
26734345,20200101,1
26734345,20200603,1
26734345,20200610,1
26734345,20211201,1
26734345,20211208,1
26734345,20200402,1
26734345,20200611,1
26734345,20210603,1
26734345,20210610,1
26734345,20191101,1
26734345,20200501,1
26734345,20201225,1
26734345,20191005,1
26734345,20200404,1
26734345,20200425,1
26734345,20200613,1
26734345,20210501,1
26734347,20191201,1
26734347,20191208,1
26734347,20200216,1
26734347,20201101,1
26734347,20201005,1
26734347,20211101,1
26734347,20200225,1
26734347,20201201,1
26734347,20201208,1
26734347,20210216,1
26734347,20211005,1
26734347,20191225,1
26734347,20200101,1
26734347,20200603,1
26734347,20200610,1
26734347,20211201,1
26734347,20211208,1
26734347,20200402,1
26734347,20200611,1
26734347,20210603,1
26734347,20210610,1
26734347,20191101,1
26734347,20200501,1
26734347,20201225,1
26734347,20191005,1
26734347,20200404,1
26734347,20200425,1
26734347,20200613,1
26734347,20210501,1
26734349,20191201,1
26734349,20191208,1
26734349,20200216,1
26734349,20201101,1
26734349,20201005,1
26734349,20211101,1
26734349,20200225,1
26734349,20201201,1
26734349,20201208,1
26734349,20210216,1
26734349,20211005,1
26734349,20191225,1
26734349,20200101,1
26734349,20200603,1
26734349,20200610,1
26734349,20211201,1
26734349,20211208,1
26734349,20200402,1
26734349,20200611,1
26734349,20210603,1
26734349,20210610,1
26734349,20191101,1
26734349,20200501,1
26734349,20201225,1
26734349,20191005,1
26734349,20200404,1
26734349,20200425,1
26734349,20200613,1
26734349,20210501,1
26734351,20191201,1
26734351,20191208,1
26734351,20200216,1
26734351,20201101,1
26734351,20201005,1
26734351,20211101,1
26734351,20200225,1
26734351,20201201,1
26734351,20201208,1
26734351,20210216,1
26734351,20211005,1
26734351,20191225,1
26734351,20200101,1
26734351,20200603,1
26734351,20200610,1
26734351,20211201,1
26734351,20211208,1
26734351,20200402,1
26734351,20200611,1
26734351,20210603,1
26734351,20210610,1
26734351,20191101,1
26734351,20200501,1
26734351,20201225,1
26734351,20191005,1
26734351,20200404,1
26734351,20200425,1
26734351,20200613,1
26734351,20210501,1
26734353,20191201,1
26734353,20191208,1
26734353,20200216,1
26734353,20201101,1
26734353,20201005,1
26734353,20211101,1
26734353,20200225,1
26734353,20201201,1
26734353,20201208,1
26734353,20210216,1
26734353,20211005,1
26734353,20191225,1
26734353,20200101,1
26734353,20200603,1
26734353,20200610,1
26734353,20211201,1
26734353,20211208,1
26734353,20200402,1
26734353,20200611,1
26734353,20210603,1
26734353,20210610,1
26734353,20191101,1
26734353,20200501,1
26734353,20201225,1
26734353,20191005,1
26734353,20200404,1
26734353,20200425,1
26734353,20200613,1
26734353,20210501,1
26734355,20191201,1
26734355,20191208,1
26734355,20200216,1
26734355,20201101,1
26734355,20201005,1
26734355,20211101,1
26734355,20200225,1
26734355,20201201,1
26734355,20201208,1
26734355,20210216,1
26734355,20211005,1
26734355,20191225,1
26734355,20200101,1
26734355,20200603,1
26734355,20200610,1
26734355,20211201,1
26734355,20211208,1
26734355,20200402,1
26734355,20200611,1
26734355,20210603,1
26734355,20210610,1
26734355,20191101,1
26734355,20200501,1
26734355,20201225,1
26734355,20191005,1
26734355,20200404,1
26734355,20200425,1
26734355,20200613,1
26734355,20210501,1
26734357,20191201,1
26734357,20191208,1
26734357,20200216,1
26734357,20201101,1
26734357,20201005,1
26734357,20211101,1
26734357,20200225,1
26734357,20201201,1
26734357,20201208,1
26734357,20210216,1
26734357,20211005,1
26734357,20191225,1
26734357,20200101,1
26734357,20200603,1
26734357,20200610,1
26734357,20211201,1
26734357,20211208,1
26734357,20200402,1
26734357,20200611,1
26734357,20210603,1
26734357,20210610,1
26734357,20191101,1
26734357,20200501,1
26734357,20201225,1
26734357,20191005,1
26734357,20200404,1
26734357,20200425,1
26734357,20200613,1
26734357,20210501,1
26734359,20191201,1
26734359,20191208,1
26734359,20200216,1
26734359,20201101,1
26734359,20201005,1
26734359,20211101,1
26734359,20200225,1
26734359,20201201,1
26734359,20201208,1
26734359,20210216,1
26734359,20211005,1
26734359,20191225,1
26734359,20200101,1
26734359,20200603,1
26734359,20200610,1
26734359,20211201,1
26734359,20211208,1
26734359,20200402,1
26734359,20200611,1
26734359,20210603,1
26734359,20210610,1
26734359,20191101,1
26734359,20200501,1
26734359,20201225,1
26734359,20191005,1
26734359,20200404,1
26734359,20200425,1
26734359,20200613,1
26734359,20210501,1
26734361,20191201,1
26734361,20191208,1
26734361,20200216,1
26734361,20201101,1
26734361,20201005,1
26734361,20211101,1
26734361,20200225,1
26734361,20201201,1
26734361,20201208,1
26734361,20210216,1
26734361,20211005,1
26734361,20191225,1
26734361,20200101,1
26734361,20200603,1
26734361,20200610,1
26734361,20211201,1
26734361,20211208,1
26734361,20200402,1
26734361,20200611,1
26734361,20210603,1
26734361,20210610,1
26734361,20191101,1
26734361,20200501,1
26734361,20201225,1
26734361,20191005,1
26734361,20200404,1
26734361,20200425,1
26734361,20200613,1
26734361,20210501,1
26734363,20191201,1
26734363,20191208,1
26734363,20200216,1
26734363,20201101,1
26734363,20201005,1
26734363,20211101,1
26734363,20200225,1
26734363,20201201,1
26734363,20201208,1
26734363,20210216,1
26734363,20211005,1
26734363,20191225,1
26734363,20200101,1
26734363,20200603,1
26734363,20200610,1
26734363,20211201,1
26734363,20211208,1
26734363,20200402,1
26734363,20200611,1
26734363,20210603,1
26734363,20210610,1
26734363,20191101,1
26734363,20200501,1
26734363,20201225,1
26734363,20191005,1
26734363,20200404,1
26734363,20200425,1
26734363,20200613,1
26734363,20210501,1
26734365,20191201,1
26734365,20191208,1
26734365,20200216,1
26734365,20201101,1
26734365,20201005,1
26734365,20211101,1
26734365,20200225,1
26734365,20201201,1
26734365,20201208,1
26734365,20210216,1
26734365,20211005,1
26734365,20191225,1
26734365,20200101,1
26734365,20200603,1
26734365,20200610,1
26734365,20211201,1
26734365,20211208,1
26734365,20200402,1
26734365,20200611,1
26734365,20210603,1
26734365,20210610,1
26734365,20191101,1
26734365,20200501,1
26734365,20201225,1
26734365,20191005,1
26734365,20200404,1
26734365,20200425,1
26734365,20200613,1
26734365,20210501,1
26734367,20191201,1
26734367,20191208,1
26734367,20200216,1
26734367,20201101,1
26734367,20201005,1
26734367,20211101,1
26734367,20200225,1
26734367,20201201,1
26734367,20201208,1
26734367,20210216,1
26734367,20211005,1
26734367,20191225,1
26734367,20200101,1
26734367,20200603,1
26734367,20200610,1
26734367,20211201,1
26734367,20211208,1
26734367,20200402,1
26734367,20200611,1
26734367,20210603,1
26734367,20210610,1
26734367,20191101,1
26734367,20200501,1
26734367,20201225,1
26734367,20191005,1
26734367,20200404,1
26734367,20200425,1
26734367,20200613,1
26734367,20210501,1
26734369,20191201,1
26734369,20191208,1
26734369,20200216,1
26734369,20201101,1
26734369,20201005,1
26734369,20211101,1
26734369,20200225,1
26734369,20201201,1
26734369,20201208,1
26734369,20210216,1
26734369,20211005,1
26734369,20191225,1
26734369,20200101,1
26734369,20200603,1
26734369,20200610,1
26734369,20211201,1
26734369,20211208,1
26734369,20200402,1
26734369,20200611,1
26734369,20210603,1
26734369,20210610,1
26734369,20191101,1
26734369,20200501,1
26734369,20201225,1
26734369,20191005,1
26734369,20200404,1
26734369,20200425,1
26734369,20200613,1
26734369,20210501,1
26734371,20191201,1
26734371,20191208,1
26734371,20200216,1
26734371,20201101,1
26734371,20201005,1
26734371,20211101,1
26734371,20200225,1
26734371,20201201,1
26734371,20201208,1
26734371,20210216,1
26734371,20211005,1
26734371,20191225,1
26734371,20200101,1
26734371,20200603,1
26734371,20200610,1
26734371,20211201,1
26734371,20211208,1
26734371,20200402,1
26734371,20200611,1
26734371,20210603,1
26734371,20210610,1
26734371,20191101,1
26734371,20200501,1
26734371,20201225,1
26734371,20191005,1
26734371,20200404,1
26734371,20200425,1
26734371,20200613,1
26734371,20210501,1
26734373,20191201,1
26734373,20191208,1
26734373,20200216,1
26734373,20201101,1
26734373,20201005,1
26734373,20211101,1
26734373,20200225,1
26734373,20201201,1
26734373,20201208,1
26734373,20210216,1
26734373,20211005,1
26734373,20191225,1
26734373,20200101,1
26734373,20200603,1
26734373,20200610,1
26734373,20211201,1
26734373,20211208,1
26734373,20200402,1
26734373,20200611,1
26734373,20210603,1
26734373,20210610,1
26734373,20191101,1
26734373,20200501,1
26734373,20201225,1
26734373,20191005,1
26734373,20200404,1
26734373,20200425,1
26734373,20200613,1
26734373,20210501,1
26734375,20191201,1
26734375,20191208,1
26734375,20200216,1
26734375,20201101,1
26734375,20201005,1
26734375,20211101,1
26734375,20200225,1
26734375,20201201,1
26734375,20201208,1
26734375,20210216,1
26734375,20211005,1
26734375,20191225,1
26734375,20200101,1
26734375,20200603,1
26734375,20200610,1
26734375,20211201,1
26734375,20211208,1
26734375,20200402,1
26734375,20200611,1
26734375,20210603,1
26734375,20210610,1
26734375,20191101,1
26734375,20200501,1
26734375,20201225,1
26734375,20191005,1
26734375,20200404,1
26734375,20200425,1
26734375,20200613,1
26734375,20210501,1
26734376,20191201,1
26734376,20191208,1
26734376,20200216,1
26734376,20201101,1
26734376,20201005,1
26734376,20211101,1
26734376,20200225,1
26734376,20201201,1
26734376,20201208,1
26734376,20210216,1
26734376,20211005,1
26734376,20191225,1
26734376,20200101,1
26734376,20200603,1
26734376,20200610,1
26734376,20211201,1
26734376,20211208,1
26734376,20200402,1
26734376,20200611,1
26734376,20210603,1
26734376,20210610,1
26734376,20191101,1
26734376,20200501,1
26734376,20201225,1
26734376,20191005,1
26734376,20200404,1
26734376,20200425,1
26734376,20200613,1
26734376,20210501,1
26734519,20191201,1
26734519,20191208,1
26734519,20200216,1
26734519,20201101,1
26734519,20201005,1
26734519,20211101,1
26734519,20200225,1
26734519,20201201,1
26734519,20201208,1
26734519,20210216,1
26734519,20211005,1
26734519,20191225,1
26734519,20200101,1
26734519,20200603,1
26734519,20200610,1
26734519,20211201,1
26734519,20211208,1
26734519,20200402,1
26734519,20200611,1
26734519,20210603,1
26734519,20210610,1
26734519,20191101,1
26734519,20200501,1
26734519,20201225,1
26734519,20191005,1
26734519,20200404,1
26734519,20200425,1
26734519,20200613,1
26734519,20210501,1
26734517,20191201,1
26734517,20191208,1
26734517,20200216,1
26734517,20201101,1
26734517,20201005,1
26734517,20211101,1
26734517,20200225,1
26734517,20201201,1
26734517,20201208,1
26734517,20210216,1
26734517,20211005,1
26734517,20191225,1
26734517,20200101,1
26734517,20200603,1
26734517,20200610,1
26734517,20211201,1
26734517,20211208,1
26734517,20200402,1
26734517,20200611,1
26734517,20210603,1
26734517,20210610,1
26734517,20191101,1
26734517,20200501,1
26734517,20201225,1
26734517,20191005,1
26734517,20200404,1
26734517,20200425,1
26734517,20200613,1
26734517,20210501,1
26734515,20191201,1
26734515,20191208,1
26734515,20200216,1
26734515,20201101,1
26734515,20201005,1
26734515,20211101,1
26734515,20200225,1
26734515,20201201,1
26734515,20201208,1
26734515,20210216,1
26734515,20211005,1
26734515,20191225,1
26734515,20200101,1
26734515,20200603,1
26734515,20200610,1
26734515,20211201,1
26734515,20211208,1
26734515,20200402,1
26734515,20200611,1
26734515,20210603,1
26734515,20210610,1
26734515,20191101,1
26734515,20200501,1
26734515,20201225,1
26734515,20191005,1
26734515,20200404,1
26734515,20200425,1
26734515,20200613,1
26734515,20210501,1
26734497,20191201,1
26734497,20191208,1
26734497,20200216,1
26734497,20201101,1
26734497,20201005,1
26734497,20211101,1
26734497,20200225,1
26734497,20201201,1
26734497,20201208,1
26734497,20210216,1
26734497,20211005,1
26734497,20191225,1
26734497,20200101,1
26734497,20200603,1
26734497,20200610,1
26734497,20211201,1
26734497,20211208,1
26734497,20200402,1
26734497,20200611,1
26734497,20210603,1
26734497,20210610,1
26734497,20191101,1
26734497,20200501,1
26734497,20201225,1
26734497,20191005,1
26734497,20200404,1
26734497,20200425,1
26734497,20200613,1
26734497,20210501,1
26734495,20191201,1
26734495,20191208,1
26734495,20200216,1
26734495,20201101,1
26734495,20201005,1
26734495,20211101,1
26734495,20200225,1
26734495,20201201,1
26734495,20201208,1
26734495,20210216,1
26734495,20211005,1
26734495,20191225,1
26734495,20200101,1
26734495,20200603,1
26734495,20200610,1
26734495,20211201,1
26734495,20211208,1
26734495,20200402,1
26734495,20200611,1
26734495,20210603,1
26734495,20210610,1
26734495,20191101,1
26734495,20200501,1
26734495,20201225,1
26734495,20191005,1
26734495,20200404,1
26734495,20200425,1
26734495,20200613,1
26734495,20210501,1
26734493,20191201,1
26734493,20191208,1
26734493,20200216,1
26734493,20201101,1
26734493,20201005,1
26734493,20211101,1
26734493,20200225,1
26734493,20201201,1
26734493,20201208,1
26734493,20210216,1
26734493,20211005,1
26734493,20191225,1
26734493,20200101,1
26734493,20200603,1
26734493,20200610,1
26734493,20211201,1
26734493,20211208,1
26734493,20200402,1
26734493,20200611,1
26734493,20210603,1
26734493,20210610,1
26734493,20191101,1
26734493,20200501,1
26734493,20201225,1
26734493,20191005,1
26734493,20200404,1
26734493,20200425,1
26734493,20200613,1
26734493,20210501,1
26734491,20191201,1
26734491,20191208,1
26734491,20200216,1
26734491,20201101,1
26734491,20201005,1
26734491,20211101,1
26734491,20200225,1
26734491,20201201,1
26734491,20201208,1
26734491,20210216,1
26734491,20211005,1
26734491,20191225,1
26734491,20200101,1
26734491,20200603,1
26734491,20200610,1
26734491,20211201,1
26734491,20211208,1
26734491,20200402,1
26734491,20200611,1
26734491,20210603,1
26734491,20210610,1
26734491,20191101,1
26734491,20200501,1
26734491,20201225,1
26734491,20191005,1
26734491,20200404,1
26734491,20200425,1
26734491,20200613,1
26734491,20210501,1
26734513,20191201,1
26734513,20191208,1
26734513,20200216,1
26734513,20201101,1
26734513,20201005,1
26734513,20211101,1
26734513,20200225,1
26734513,20201201,1
26734513,20201208,1
26734513,20210216,1
26734513,20211005,1
26734513,20191225,1
26734513,20200101,1
26734513,20200603,1
26734513,20200610,1
26734513,20211201,1
26734513,20211208,1
26734513,20200402,1
26734513,20200611,1
26734513,20210603,1
26734513,20210610,1
26734513,20191101,1
26734513,20200501,1
26734513,20201225,1
26734513,20191005,1
26734513,20200404,1
26734513,20200425,1
26734513,20200613,1
26734513,20210501,1
26734511,20191201,1
26734511,20191208,1
26734511,20200216,1
26734511,20201101,1
26734511,20201005,1
26734511,20211101,1
26734511,20200225,1
26734511,20201201,1
26734511,20201208,1
26734511,20210216,1
26734511,20211005,1
26734511,20191225,1
26734511,20200101,1
26734511,20200603,1
26734511,20200610,1
26734511,20211201,1
26734511,20211208,1
26734511,20200402,1
26734511,20200611,1
26734511,20210603,1
26734511,20210610,1
26734511,20191101,1
26734511,20200501,1
26734511,20201225,1
26734511,20191005,1
26734511,20200404,1
26734511,20200425,1
26734511,20200613,1
26734511,20210501,1
26734509,20191201,1
26734509,20191208,1
26734509,20200216,1
26734509,20201101,1
26734509,20201005,1
26734509,20211101,1
26734509,20200225,1
26734509,20201201,1
26734509,20201208,1
26734509,20210216,1
26734509,20211005,1
26734509,20191225,1
26734509,20200101,1
26734509,20200603,1
26734509,20200610,1
26734509,20211201,1
26734509,20211208,1
26734509,20200402,1
26734509,20200611,1
26734509,20210603,1
26734509,20210610,1
26734509,20191101,1
26734509,20200501,1
26734509,20201225,1
26734509,20191005,1
26734509,20200404,1
26734509,20200425,1
26734509,20200613,1
26734509,20210501,1
26734507,20191201,1
26734507,20191208,1
26734507,20200216,1
26734507,20201101,1
26734507,20201005,1
26734507,20211101,1
26734507,20200225,1
26734507,20201201,1
26734507,20201208,1
26734507,20210216,1
26734507,20211005,1
26734507,20191225,1
26734507,20200101,1
26734507,20200603,1
26734507,20200610,1
26734507,20211201,1
26734507,20211208,1
26734507,20200402,1
26734507,20200611,1
26734507,20210603,1
26734507,20210610,1
26734507,20191101,1
26734507,20200501,1
26734507,20201225,1
26734507,20191005,1
26734507,20200404,1
26734507,20200425,1
26734507,20200613,1
26734507,20210501,1
26734505,20191201,1
26734505,20191208,1
26734505,20200216,1
26734505,20201101,1
26734505,20201005,1
26734505,20211101,1
26734505,20200225,1
26734505,20201201,1
26734505,20201208,1
26734505,20210216,1
26734505,20211005,1
26734505,20191225,1
26734505,20200101,1
26734505,20200603,1
26734505,20200610,1
26734505,20211201,1
26734505,20211208,1
26734505,20200402,1
26734505,20200611,1
26734505,20210603,1
26734505,20210610,1
26734505,20191101,1
26734505,20200501,1
26734505,20201225,1
26734505,20191005,1
26734505,20200404,1
26734505,20200425,1
26734505,20200613,1
26734505,20210501,1
26734503,20191201,1
26734503,20191208,1
26734503,20200216,1
26734503,20201101,1
26734503,20201005,1
26734503,20211101,1
26734503,20200225,1
26734503,20201201,1
26734503,20201208,1
26734503,20210216,1
26734503,20211005,1
26734503,20191225,1
26734503,20200101,1
26734503,20200603,1
26734503,20200610,1
26734503,20211201,1
26734503,20211208,1
26734503,20200402,1
26734503,20200611,1
26734503,20210603,1
26734503,20210610,1
26734503,20191101,1
26734503,20200501,1
26734503,20201225,1
26734503,20191005,1
26734503,20200404,1
26734503,20200425,1
26734503,20200613,1
26734503,20210501,1
26734501,20191201,1
26734501,20191208,1
26734501,20200216,1
26734501,20201101,1
26734501,20201005,1
26734501,20211101,1
26734501,20200225,1
26734501,20201201,1
26734501,20201208,1
26734501,20210216,1
26734501,20211005,1
26734501,20191225,1
26734501,20200101,1
26734501,20200603,1
26734501,20200610,1
26734501,20211201,1
26734501,20211208,1
26734501,20200402,1
26734501,20200611,1
26734501,20210603,1
26734501,20210610,1
26734501,20191101,1
26734501,20200501,1
26734501,20201225,1
26734501,20191005,1
26734501,20200404,1
26734501,20200425,1
26734501,20200613,1
26734501,20210501,1
26734499,20191201,1
26734499,20191208,1
26734499,20200216,1
26734499,20201101,1
26734499,20201005,1
26734499,20211101,1
26734499,20200225,1
26734499,20201201,1
26734499,20201208,1
26734499,20210216,1
26734499,20211005,1
26734499,20191225,1
26734499,20200101,1
26734499,20200603,1
26734499,20200610,1
26734499,20211201,1
26734499,20211208,1
26734499,20200402,1
26734499,20200611,1
26734499,20210603,1
26734499,20210610,1
26734499,20191101,1
26734499,20200501,1
26734499,20201225,1
26734499,20191005,1
26734499,20200404,1
26734499,20200425,1
26734499,20200613,1
26734499,20210501,1
26734525,20191201,1
26734525,20191208,1
26734525,20200216,1
26734525,20201101,1
26734525,20201005,1
26734525,20211101,1
26734525,20200225,1
26734525,20201201,1
26734525,20201208,1
26734525,20210216,1
26734525,20211005,1
26734525,20191225,1
26734525,20200101,1
26734525,20200603,1
26734525,20200610,1
26734525,20211201,1
26734525,20211208,1
26734525,20200402,1
26734525,20200611,1
26734525,20210603,1
26734525,20210610,1
26734525,20191101,1
26734525,20200501,1
26734525,20201225,1
26734525,20191005,1
26734525,20200404,1
26734525,20200425,1
26734525,20200613,1
26734525,20210501,1
26734523,20191201,1
26734523,20191208,1
26734523,20200216,1
26734523,20201101,1
26734523,20201005,1
26734523,20211101,1
26734523,20200225,1
26734523,20201201,1
26734523,20201208,1
26734523,20210216,1
26734523,20211005,1
26734523,20191225,1
26734523,20200101,1
26734523,20200603,1
26734523,20200610,1
26734523,20211201,1
26734523,20211208,1
26734523,20200402,1
26734523,20200611,1
26734523,20210603,1
26734523,20210610,1
26734523,20191101,1
26734523,20200501,1
26734523,20201225,1
26734523,20191005,1
26734523,20200404,1
26734523,20200425,1
26734523,20200613,1
26734523,20210501,1
26734521,20191201,1
26734521,20191208,1
26734521,20200216,1
26734521,20201101,1
26734521,20201005,1
26734521,20211101,1
26734521,20200225,1
26734521,20201201,1
26734521,20201208,1
26734521,20210216,1
26734521,20211005,1
26734521,20191225,1
26734521,20200101,1
26734521,20200603,1
26734521,20200610,1
26734521,20211201,1
26734521,20211208,1
26734521,20200402,1
26734521,20200611,1
26734521,20210603,1
26734521,20210610,1
26734521,20191101,1
26734521,20200501,1
26734521,20201225,1
26734521,20191005,1
26734521,20200404,1
26734521,20200425,1
26734521,20200613,1
26734521,20210501,1
26734340,20191201,1
26734340,20191208,1
26734340,20200216,1
26734340,20201101,1
26734340,20201005,1
26734340,20211101,1
26734340,20200225,1
26734340,20201201,1
26734340,20201208,1
26734340,20210216,1
26734340,20211005,1
26734340,20191225,1
26734340,20200101,1
26734340,20200603,1
26734340,20200610,1
26734340,20211201,1
26734340,20211208,1
26734340,20200402,1
26734340,20200611,1
26734340,20210603,1
26734340,20210610,1
26734340,20191101,1
26734340,20200501,1
26734340,20201225,1
26734340,20191005,1
26734340,20200404,1
26734340,20200425,1
26734340,20200613,1
26734340,20210501,1
26734344,20191201,1
26734344,20191208,1
26734344,20200216,1
26734344,20201101,1
26734344,20201005,1
26734344,20211101,1
26734344,20200225,1
26734344,20201201,1
26734344,20201208,1
26734344,20210216,1
26734344,20211005,1
26734344,20191225,1
26734344,20200101,1
26734344,20200603,1
26734344,20200610,1
26734344,20211201,1
26734344,20211208,1
26734344,20200402,1
26734344,20200611,1
26734344,20210603,1
26734344,20210610,1
26734344,20191101,1
26734344,20200501,1
26734344,20201225,1
26734344,20191005,1
26734344,20200404,1
26734344,20200425,1
26734344,20200613,1
26734344,20210501,1
26734342,20191201,1
26734342,20191208,1
26734342,20200216,1
26734342,20201101,1
26734342,20201005,1
26734342,20211101,1
26734342,20200225,1
26734342,20201201,1
26734342,20201208,1
26734342,20210216,1
26734342,20211005,1
26734342,20191225,1
26734342,20200101,1
26734342,20200603,1
26734342,20200610,1
26734342,20211201,1
26734342,20211208,1
26734342,20200402,1
26734342,20200611,1
26734342,20210603,1
26734342,20210610,1
26734342,20191101,1
26734342,20200501,1
26734342,20201225,1
26734342,20191005,1
26734342,20200404,1
26734342,20200425,1
26734342,20200613,1
26734342,20210501,1
26734352,20191201,1
26734352,20191208,1
26734352,20200216,1
26734352,20201101,1
26734352,20201005,1
26734352,20211101,1
26734352,20200225,1
26734352,20201201,1
26734352,20201208,1
26734352,20210216,1
26734352,20211005,1
26734352,20191225,1
26734352,20200101,1
26734352,20200603,1
26734352,20200610,1
26734352,20211201,1
26734352,20211208,1
26734352,20200402,1
26734352,20200611,1
26734352,20210603,1
26734352,20210610,1
26734352,20191101,1
26734352,20200501,1
26734352,20201225,1
26734352,20191005,1
26734352,20200404,1
26734352,20200425,1
26734352,20200613,1
26734352,20210501,1
26734350,20191201,1
26734350,20191208,1
26734350,20200216,1
26734350,20201101,1
26734350,20201005,1
26734350,20211101,1
26734350,20200225,1
26734350,20201201,1
26734350,20201208,1
26734350,20210216,1
26734350,20211005,1
26734350,20191225,1
26734350,20200101,1
26734350,20200603,1
26734350,20200610,1
26734350,20211201,1
26734350,20211208,1
26734350,20200402,1
26734350,20200611,1
26734350,20210603,1
26734350,20210610,1
26734350,20191101,1
26734350,20200501,1
26734350,20201225,1
26734350,20191005,1
26734350,20200404,1
26734350,20200425,1
26734350,20200613,1
26734350,20210501,1
26734348,20191201,1
26734348,20191208,1
26734348,20200216,1
26734348,20201101,1
26734348,20201005,1
26734348,20211101,1
26734348,20200225,1
26734348,20201201,1
26734348,20201208,1
26734348,20210216,1
26734348,20211005,1
26734348,20191225,1
26734348,20200101,1
26734348,20200603,1
26734348,20200610,1
26734348,20211201,1
26734348,20211208,1
26734348,20200402,1
26734348,20200611,1
26734348,20210603,1
26734348,20210610,1
26734348,20191101,1
26734348,20200501,1
26734348,20201225,1
26734348,20191005,1
26734348,20200404,1
26734348,20200425,1
26734348,20200613,1
26734348,20210501,1
26734346,20191201,1
26734346,20191208,1
26734346,20200216,1
26734346,20201101,1
26734346,20201005,1
26734346,20211101,1
26734346,20200225,1
26734346,20201201,1
26734346,20201208,1
26734346,20210216,1
26734346,20211005,1
26734346,20191225,1
26734346,20200101,1
26734346,20200603,1
26734346,20200610,1
26734346,20211201,1
26734346,20211208,1
26734346,20200402,1
26734346,20200611,1
26734346,20210603,1
26734346,20210610,1
26734346,20191101,1
26734346,20200501,1
26734346,20201225,1
26734346,20191005,1
26734346,20200404,1
26734346,20200425,1
26734346,20200613,1
26734346,20210501,1
26734368,20191201,1
26734368,20191208,1
26734368,20200216,1
26734368,20201101,1
26734368,20201005,1
26734368,20211101,1
26734368,20200225,1
26734368,20201201,1
26734368,20201208,1
26734368,20210216,1
26734368,20211005,1
26734368,20191225,1
26734368,20200101,1
26734368,20200603,1
26734368,20200610,1
26734368,20211201,1
26734368,20211208,1
26734368,20200402,1
26734368,20200611,1
26734368,20210603,1
26734368,20210610,1
26734368,20191101,1
26734368,20200501,1
26734368,20201225,1
26734368,20191005,1
26734368,20200404,1
26734368,20200425,1
26734368,20200613,1
26734368,20210501,1
26734364,20191201,1
26734364,20191208,1
26734364,20200216,1
26734364,20201101,1
26734364,20201005,1
26734364,20211101,1
26734364,20200225,1
26734364,20201201,1
26734364,20201208,1
26734364,20210216,1
26734364,20211005,1
26734364,20191225,1
26734364,20200101,1
26734364,20200603,1
26734364,20200610,1
26734364,20211201,1
26734364,20211208,1
26734364,20200402,1
26734364,20200611,1
26734364,20210603,1
26734364,20210610,1
26734364,20191101,1
26734364,20200501,1
26734364,20201225,1
26734364,20191005,1
26734364,20200404,1
26734364,20200425,1
26734364,20200613,1
26734364,20210501,1
26734362,20191201,1
26734362,20191208,1
26734362,20200216,1
26734362,20201101,1
26734362,20201005,1
26734362,20211101,1
26734362,20200225,1
26734362,20201201,1
26734362,20201208,1
26734362,20210216,1
26734362,20211005,1
26734362,20191225,1
26734362,20200101,1
26734362,20200603,1
26734362,20200610,1
26734362,20211201,1
26734362,20211208,1
26734362,20200402,1
26734362,20200611,1
26734362,20210603,1
26734362,20210610,1
26734362,20191101,1
26734362,20200501,1
26734362,20201225,1
26734362,20191005,1
26734362,20200404,1
26734362,20200425,1
26734362,20200613,1
26734362,20210501,1
26734360,20191201,1
26734360,20191208,1
26734360,20200216,1
26734360,20201101,1
26734360,20201005,1
26734360,20211101,1
26734360,20200225,1
26734360,20201201,1
26734360,20201208,1
26734360,20210216,1
26734360,20211005,1
26734360,20191225,1
26734360,20200101,1
26734360,20200603,1
26734360,20200610,1
26734360,20211201,1
26734360,20211208,1
26734360,20200402,1
26734360,20200611,1
26734360,20210603,1
26734360,20210610,1
26734360,20191101,1
26734360,20200501,1
26734360,20201225,1
26734360,20191005,1
26734360,20200404,1
26734360,20200425,1
26734360,20200613,1
26734360,20210501,1
26734358,20191201,1
26734358,20191208,1
26734358,20200216,1
26734358,20201101,1
26734358,20201005,1
26734358,20211101,1
26734358,20200225,1
26734358,20201201,1
26734358,20201208,1
26734358,20210216,1
26734358,20211005,1
26734358,20191225,1
26734358,20200101,1
26734358,20200603,1
26734358,20200610,1
26734358,20211201,1
26734358,20211208,1
26734358,20200402,1
26734358,20200611,1
26734358,20210603,1
26734358,20210610,1
26734358,20191101,1
26734358,20200501,1
26734358,20201225,1
26734358,20191005,1
26734358,20200404,1
26734358,20200425,1
26734358,20200613,1
26734358,20210501,1
26734356,20191201,1
26734356,20191208,1
26734356,20200216,1
26734356,20201101,1
26734356,20201005,1
26734356,20211101,1
26734356,20200225,1
26734356,20201201,1
26734356,20201208,1
26734356,20210216,1
26734356,20211005,1
26734356,20191225,1
26734356,20200101,1
26734356,20200603,1
26734356,20200610,1
26734356,20211201,1
26734356,20211208,1
26734356,20200402,1
26734356,20200611,1
26734356,20210603,1
26734356,20210610,1
26734356,20191101,1
26734356,20200501,1
26734356,20201225,1
26734356,20191005,1
26734356,20200404,1
26734356,20200425,1
26734356,20200613,1
26734356,20210501,1
26734354,20191201,1
26734354,20191208,1
26734354,20200216,1
26734354,20201101,1
26734354,20201005,1
26734354,20211101,1
26734354,20200225,1
26734354,20201201,1
26734354,20201208,1
26734354,20210216,1
26734354,20211005,1
26734354,20191225,1
26734354,20200101,1
26734354,20200603,1
26734354,20200610,1
26734354,20211201,1
26734354,20211208,1
26734354,20200402,1
26734354,20200611,1
26734354,20210603,1
26734354,20210610,1
26734354,20191101,1
26734354,20200501,1
26734354,20201225,1
26734354,20191005,1
26734354,20200404,1
26734354,20200425,1
26734354,20200613,1
26734354,20210501,1
26734374,20191201,1
26734374,20191208,1
26734374,20200216,1
26734374,20201101,1
26734374,20201005,1
26734374,20211101,1
26734374,20200225,1
26734374,20201201,1
26734374,20201208,1
26734374,20210216,1
26734374,20211005,1
26734374,20191225,1
26734374,20200101,1
26734374,20200603,1
26734374,20200610,1
26734374,20211201,1
26734374,20211208,1
26734374,20200402,1
26734374,20200611,1
26734374,20210603,1
26734374,20210610,1
26734374,20191101,1
26734374,20200501,1
26734374,20201225,1
26734374,20191005,1
26734374,20200404,1
26734374,20200425,1
26734374,20200613,1
26734374,20210501,1
26734372,20191201,1
26734372,20191208,1
26734372,20200216,1
26734372,20201101,1
26734372,20201005,1
26734372,20211101,1
26734372,20200225,1
26734372,20201201,1
26734372,20201208,1
26734372,20210216,1
26734372,20211005,1
26734372,20191225,1
26734372,20200101,1
26734372,20200603,1
26734372,20200610,1
26734372,20211201,1
26734372,20211208,1
26734372,20200402,1
26734372,20200611,1
26734372,20210603,1
26734372,20210610,1
26734372,20191101,1
26734372,20200501,1
26734372,20201225,1
26734372,20191005,1
26734372,20200404,1
26734372,20200425,1
26734372,20200613,1
26734372,20210501,1
26734370,20191201,1
26734370,20191208,1
26734370,20200216,1
26734370,20201101,1
26734370,20201005,1
26734370,20211101,1
26734370,20200225,1
26734370,20201201,1
26734370,20201208,1
26734370,20210216,1
26734370,20211005,1
26734370,20191225,1
26734370,20200101,1
26734370,20200603,1
26734370,20200610,1
26734370,20211201,1
26734370,20211208,1
26734370,20200402,1
26734370,20200611,1
26734370,20210603,1
26734370,20210610,1
26734370,20191101,1
26734370,20200501,1
26734370,20201225,1
26734370,20191005,1
26734370,20200404,1
26734370,20200425,1
26734370,20200613,1
26734370,20210501,1
26734366,20191201,1
26734366,20191208,1
26734366,20200216,1
26734366,20201101,1
26734366,20201005,1
26734366,20211101,1
26734366,20200225,1
26734366,20201201,1
26734366,20201208,1
26734366,20210216,1
26734366,20211005,1
26734366,20191225,1
26734366,20200101,1
26734366,20200603,1
26734366,20200610,1
26734366,20211201,1
26734366,20211208,1
26734366,20200402,1
26734366,20200611,1
26734366,20210603,1
26734366,20210610,1
26734366,20191101,1
26734366,20200501,1
26734366,20201225,1
26734366,20191005,1
26734366,20200404,1
26734366,20200425,1
26734366,20200613,1
26734366,20210501,1
