service_id,monday,tuesday,wednesday,thursday,friday,saturday,sunday,start_date,end_date
5904858,1,1,1,1,1,0,0,20140426,20240426
5904860,1,1,1,1,1,0,0,20140426,20240426
5904862,1,1,1,1,1,0,0,20140426,20240426
5904864,1,1,1,1,1,0,0,20140426,20240426
5904866,1,1,1,1,1,0,0,20140426,20240426
5904868,1,1,1,1,1,0,0,20140426,20240426
5904872,1,1,1,1,1,0,0,20140426,20240426
5904874,1,1,1,1,1,0,0,20140426,20240426
5904876,1,1,1,1,1,0,0,20140426,20240426
5904878,1,1,1,1,1,0,0,20140426,20240426
5904880,1,1,1,1,1,0,0,20140426,20240426
5904882,1,1,1,1,1,0,0,20140426,20240426
5904886,0,0,0,0,0,1,0,20140426,20240426
5904888,0,0,0,0,0,1,0,20140426,20240426
5904890,0,0,0,0,0,1,0,20140426,20240426
5904892,0,0,0,0,0,1,0,20140426,20240426
5904894,0,0,0,0,0,1,0,20140426,20240426
5904896,0,0,0,0,0,1,0,20140426,20240426
5904901,0,0,0,0,0,1,0,20140426,20240426
5904903,0,0,0,0,0,1,0,20140426,20240426
5904905,0,0,0,0,0,1,0,20140426,20240426
5904907,0,0,0,0,0,1,0,20140426,20240426
5904909,0,0,0,0,0,1,0,20140426,20240426
5904915,0,0,0,0,0,0,1,20140426,20240426
5904917,0,0,0,0,0,0,1,20140426,20240426
5904919,0,0,0,0,0,0,1,20140426,20240426
5904921,0,0,0,0,0,0,1,20140426,20240426
5904926,0,0,0,0,0,0,1,20140426,20240426
5904928,0,0,0,0,0,0,1,20140426,20240426
5904930,0,0,0,0,0,0,1,20140426,20240426
5904932,0,0,0,0,0,0,1,20140426,20240426
5904934,0,0,0,0,0,0,1,20140426,20240426
5904913,0,0,0,0,0,0,1,20140426,20240426
5904988,1,1,1,1,1,0,0,20140426,20240426
5904990,1,1,1,1,1,0,0,20140426,20240426
5904992,1,1,1,1,1,0,0,20140426,20240426
5904994,1,1,1,1,1,0,0,20140426,20240426
5904996,1,1,1,1,1,0,0,20140426,20240426
5904998,1,1,1,1,1,0,0,20140426,20240426
5905000,1,1,1,1,1,0,0,20140426,20240426
5905002,1,1,1,1,1,0,0,20140426,20240426
5905004,1,1,1,1,1,0,0,20140426,20240426
5905006,1,1,1,1,1,0,0,20140426,20240426
5905008,1,1,1,1,1,0,0,20140426,20240426
5905010,1,1,1,1,1,0,0,20140426,20240426
5905012,1,1,1,1,1,0,0,20140426,20240426
5905014,1,1,1,1,1,0,0,20140426,20240426
5904938,1,1,1,1,1,0,0,20140426,20240426
5904940,1,1,1,1,1,0,0,20140426,20240426
5904942,1,1,1,1,1,0,0,20140426,20240426
5904944,1,1,1,1,1,0,0,20140426,20240426
5905072,1,1,1,1,1,0,0,20140426,20240426
5905074,1,1,1,1,1,0,0,20140426,20240426
5905076,1,1,1,1,1,0,0,20140426,20240426
5905078,1,1,1,1,1,0,0,20140426,20240426
5905080,1,1,1,1,1,0,0,20140426,20240426
5905082,1,1,1,1,1,0,0,20140426,20240426
5905084,1,1,1,1,1,0,0,20140426,20240426
5905086,1,1,1,1,1,0,0,20140426,20240426
5905088,1,1,1,1,1,0,0,20140426,20240426
5905090,1,1,1,1,1,0,0,20140426,20240426
5905092,1,1,1,1,1,0,0,20140426,20240426
5905094,1,1,1,1,1,0,0,20140426,20240426
5905096,1,1,1,1,1,0,0,20140426,20240426
5905098,1,1,1,1,1,0,0,20140426,20240426
5905100,1,1,1,1,1,0,0,20140426,20240426
5905102,1,1,1,1,1,0,0,20140426,20240426
5905048,1,1,1,1,1,0,0,20140426,20240426
5905050,1,1,1,1,1,0,0,20140426,20240426
5905052,1,1,1,1,1,0,0,20140426,20240426
5905054,1,1,1,1,1,0,0,20140426,20240426
5905056,1,1,1,1,1,0,0,20140426,20240426
5905058,1,1,1,1,1,0,0,20140426,20240426
5905060,1,1,1,1,1,0,0,20140426,20240426
5905062,1,1,1,1,1,0,0,20140426,20240426
5905064,1,1,1,1,1,0,0,20140426,20240426
5905066,1,1,1,1,1,0,0,20140426,20240426
5905068,1,1,1,1,1,0,0,20140426,20240426
5905070,1,1,1,1,1,0,0,20140426,20240426
5905016,1,1,1,1,1,0,0,20140426,20240426
5905018,1,1,1,1,1,0,0,20140426,20240426
5905020,1,1,1,1,1,0,0,20140426,20240426
5905022,1,1,1,1,1,0,0,20140426,20240426
5905024,1,1,1,1,1,0,0,20140426,20240426
5905026,1,1,1,1,1,0,0,20140426,20240426
5905028,1,1,1,1,1,0,0,20140426,20240426
5905030,1,1,1,1,1,0,0,20140426,20240426
5905032,1,1,1,1,1,0,0,20140426,20240426
5905034,1,1,1,1,1,0,0,20140426,20240426
5905036,1,1,1,1,1,0,0,20140426,20240426
5905038,1,1,1,1,1,0,0,20140426,20240426
5905040,1,1,1,1,1,0,0,20140426,20240426
5905042,1,1,1,1,1,0,0,20140426,20240426
5905044,1,1,1,1,1,0,0,20140426,20240426
5905046,1,1,1,1,1,0,0,20140426,20240426
5904946,1,1,1,1,1,0,0,20140426,20240426
5904948,1,1,1,1,1,0,0,20140426,20240426
5904950,1,1,1,1,1,0,0,20140426,20240426
5904952,1,1,1,1,1,0,0,20140426,20240426
5904954,1,1,1,1,1,0,0,20140426,20240426
5904956,1,1,1,1,1,0,0,20140426,20240426
5904958,1,1,1,1,1,0,0,20140426,20240426
5904960,1,1,1,1,1,0,0,20140426,20240426
5904962,1,1,1,1,1,0,0,20140426,20240426
5904964,1,1,1,1,1,0,0,20140426,20240426
5904966,1,1,1,1,1,0,0,20140426,20240426
5904968,1,1,1,1,1,0,0,20140426,20240426
5904970,1,1,1,1,1,0,0,20140426,20240426
5904972,1,1,1,1,1,0,0,20140426,20240426
5904974,1,1,1,1,1,0,0,20140426,20240426
5904976,1,1,1,1,1,0,0,20140426,20240426
5904978,1,1,1,1,1,0,0,20140426,20240426
5904980,1,1,1,1,1,0,0,20140426,20240426
5904982,1,1,1,1,1,0,0,20140426,20240426
5904984,1,1,1,1,1,0,0,20140426,20240426
5904986,1,1,1,1,1,0,0,20140426,20240426
5905178,0,0,0,0,0,1,0,20140426,20240426
5905176,0,0,0,0,0,1,0,20140426,20240426
5905148,0,0,0,0,0,1,0,20140426,20240426
5905186,0,0,0,0,0,1,0,20140426,20240426
5905190,0,0,0,0,0,1,0,20140426,20240426
5905196,0,0,0,0,0,1,0,20140426,20240426
5905198,0,0,0,0,0,1,0,20140426,20240426
5905200,0,0,0,0,0,1,0,20140426,20240426
5905202,0,0,0,0,0,1,0,20140426,20240426
5905204,0,0,0,0,0,1,0,20140426,20240426
5905206,0,0,0,0,0,1,0,20140426,20240426
5905188,0,0,0,0,0,1,0,20140426,20240426
5905184,0,0,0,0,0,1,0,20140426,20240426
5905158,0,0,0,0,0,1,0,20140426,20240426
5905160,0,0,0,0,0,1,0,20140426,20240426
5905162,0,0,0,0,0,1,0,20140426,20240426
5905164,0,0,0,0,0,1,0,20140426,20240426
5905166,0,0,0,0,0,1,0,20140426,20240426
5905168,0,0,0,0,0,1,0,20140426,20240426
5905170,0,0,0,0,0,1,0,20140426,20240426
5905172,0,0,0,0,0,1,0,20140426,20240426
5905174,0,0,0,0,0,1,0,20140426,20240426
5905144,0,0,0,0,0,1,0,20140426,20240426
5905154,0,0,0,0,0,1,0,20140426,20240426
5905156,0,0,0,0,0,1,0,20140426,20240426
5905180,0,0,0,0,0,1,0,20140426,20240426
5905182,0,0,0,0,0,1,0,20140426,20240426
5905192,0,0,0,0,0,1,0,20140426,20240426
5905194,0,0,0,0,0,1,0,20140426,20240426
5905150,0,0,0,0,0,1,0,20140426,20240426
5905152,0,0,0,0,0,1,0,20140426,20240426
5905104,0,0,0,0,0,1,0,20140426,20240426
5905106,0,0,0,0,0,1,0,20140426,20240426
5905108,0,0,0,0,0,1,0,20140426,20240426
5905138,0,0,0,0,0,1,0,20140426,20240426
5905140,0,0,0,0,0,1,0,20140426,20240426
5905142,0,0,0,0,0,1,0,20140426,20240426
5905122,0,0,0,0,0,1,0,20140426,20240426
5905124,0,0,0,0,0,1,0,20140426,20240426
5905126,0,0,0,0,0,1,0,20140426,20240426
5905128,0,0,0,0,0,1,0,20140426,20240426
5905130,0,0,0,0,0,1,0,20140426,20240426
5905132,0,0,0,0,0,1,0,20140426,20240426
5905134,0,0,0,0,0,1,0,20140426,20240426
5905136,0,0,0,0,0,1,0,20140426,20240426
5905110,0,0,0,0,0,1,0,20140426,20240426
5905112,0,0,0,0,0,1,0,20140426,20240426
5905114,0,0,0,0,0,1,0,20140426,20240426
5905116,0,0,0,0,0,1,0,20140426,20240426
5905118,0,0,0,0,0,1,0,20140426,20240426
5905120,0,0,0,0,0,1,0,20140426,20240426
5905146,0,0,0,0,0,1,0,20140426,20240426
7964215,0,0,0,0,0,0,1,20140426,20240426
7964112,0,0,0,0,0,0,1,20140426,20240426
7964113,0,0,0,0,0,0,1,20140426,20240426
7964114,0,0,0,0,0,0,1,20140426,20240426
7964115,0,0,0,0,0,0,1,20140426,20240426
7964116,0,0,0,0,0,0,1,20140426,20240426
7964117,0,0,0,0,0,0,1,20140426,20240426
7964118,0,0,0,0,0,0,1,20140426,20240426
7964119,0,0,0,0,0,0,1,20140426,20240426
7964120,0,0,0,0,0,0,1,20140426,20240426
7964121,0,0,0,0,0,0,1,20140426,20240426
7964122,0,0,0,0,0,0,1,20140426,20240426
7964123,0,0,0,0,0,0,1,20140426,20240426
7964124,0,0,0,0,0,0,1,20140426,20240426
7964125,0,0,0,0,0,0,1,20140426,20240426
7964126,0,0,0,0,0,0,1,20140426,20240426
7964127,0,0,0,0,0,0,1,20140426,20240426
7964128,0,0,0,0,0,0,1,20140426,20240426
7964129,0,0,0,0,0,0,1,20140426,20240426
7964130,0,0,0,0,0,0,1,20140426,20240426
7964131,0,0,0,0,0,0,1,20140426,20240426
7964132,0,0,0,0,0,0,1,20140426,20240426
7964133,0,0,0,0,0,0,1,20140426,20240426
7964134,0,0,0,0,0,0,1,20140426,20240426
7964135,0,0,0,0,0,0,1,20140426,20240426
7964136,0,0,0,0,0,0,1,20140426,20240426
7964137,0,0,0,0,0,0,1,20140426,20240426
7964138,0,0,0,0,0,0,1,20140426,20240426
7964139,0,0,0,0,0,0,1,20140426,20240426
7964140,0,0,0,0,0,0,1,20140426,20240426
7964141,0,0,0,0,0,0,1,20140426,20240426
7964142,0,0,0,0,0,0,1,20140426,20240426
7964143,0,0,0,0,0,0,1,20140426,20240426
7964144,0,0,0,0,0,0,1,20140426,20240426
7964145,0,0,0,0,0,0,1,20140426,20240426
7964146,0,0,0,0,0,0,1,20140426,20240426
7964147,0,0,0,0,0,0,1,20140426,20240426
7964148,0,0,0,0,0,0,1,20140426,20240426
7964149,0,0,0,0,0,0,1,20140426,20240426
7964150,0,0,0,0,0,0,1,20140426,20240426
7964151,0,0,0,0,0,0,1,20140426,20240426
7964152,0,0,0,0,0,0,1,20140426,20240426
7964153,0,0,0,0,0,0,1,20140426,20240426
7964154,0,0,0,0,0,0,1,20140426,20240426
7964155,0,0,0,0,0,0,1,20140426,20240426
7964156,0,0,0,0,0,0,1,20140426,20240426
7964157,0,0,0,0,0,0,1,20140426,20240426
7964158,0,0,0,0,0,0,1,20140426,20240426
7964159,0,0,0,0,0,0,1,20140426,20240426
7964160,0,0,0,0,0,0,1,20140426,20240426
7964161,0,0,0,0,0,0,1,20140426,20240426
7964162,0,0,0,0,0,0,1,20140426,20240426
27347083,1,1,1,1,1,0,0,20201214,20301214
27347085,1,1,1,1,1,0,0,20201214,20301214
27347087,1,1,1,1,1,0,0,20201214,20301214
27347089,1,1,1,1,1,0,0,20201214,20301214
27347091,1,1,1,1,1,0,0,20201214,20301214
27347093,1,1,1,1,1,0,0,20201214,20301214
27347095,1,1,1,1,1,0,0,20201214,20301214
27347097,1,1,1,1,1,0,0,20201214,20301214
27347099,1,1,1,1,1,0,0,20201214,20301214
27347101,1,1,1,1,1,0,0,20201214,20301214
27347103,1,1,1,1,1,0,0,20201214,20301214
27347104,1,1,1,1,1,0,0,20201214,20301214
27347106,1,1,1,1,1,0,0,20201214,20301214
27347108,1,1,1,1,1,0,0,20201214,20301214
27347110,1,1,1,1,1,0,0,20201214,20301214
27347112,1,1,1,1,1,0,0,20201214,20301214
27347114,1,1,1,1,1,0,0,20201214,20301214
27347116,1,1,1,1,1,0,0,20201214,20301214
27347118,1,1,1,1,1,0,0,20201214,20301214
27347120,1,1,1,1,1,0,0,20201214,20301214
27347122,1,1,1,1,1,0,0,20201214,20301214
27347124,1,1,1,1,1,0,0,20201214,20301214
27347126,1,1,1,1,1,0,0,20201214,20301214
27347128,1,1,1,1,1,0,0,20201214,20301214
27347130,1,1,1,1,1,0,0,20201214,20301214
27347132,1,1,1,1,1,0,0,20201214,20301214
27347134,1,1,1,1,1,0,0,20201214,20301214
27347135,1,1,1,1,1,0,0,20201214,20301214
27347137,0,0,0,0,0,1,0,20201214,20301214
27347139,0,0,0,0,0,1,0,20201214,20301214
27347141,0,0,0,0,0,1,0,20201214,20301214
27347143,0,0,0,0,0,1,0,20201214,20301214
27347145,0,0,0,0,0,1,0,20201214,20301214
27347147,0,0,0,0,0,1,0,20201214,20301214
27347149,0,0,0,0,0,1,0,20201214,20301214
27347151,0,0,0,0,0,1,0,20201214,20301214
27347153,0,0,0,0,0,1,0,20201214,20301214
27347155,0,0,0,0,0,1,0,20201214,20301214
27347157,0,0,0,0,0,1,0,20201214,20301214
27347159,0,0,0,0,0,0,1,20201214,20301214
27347161,0,0,0,0,0,0,1,20201214,20301214
27347163,0,0,0,0,0,0,1,20201214,20301214
27347173,0,0,0,0,0,0,1,20201214,20301214
27347175,0,0,0,0,0,0,1,20201214,20301214
27347165,0,0,0,0,0,0,1,20201214,20301214
27347167,0,0,0,0,0,0,1,20201214,20301214
27347169,0,0,0,0,0,0,1,20201214,20301214
27347171,0,0,0,0,0,0,1,20201214,20301214
5905336,1,1,1,1,1,0,0,20140426,20240426
5905338,1,1,1,1,1,0,0,20140426,20240426
5905340,1,1,1,1,1,0,0,20140426,20240426
5905342,1,1,1,1,1,0,0,20140426,20240426
5905334,1,1,1,1,1,0,0,20140426,20240426
5905301,1,1,1,1,1,0,0,20140426,20240426
5905303,1,1,1,1,1,0,0,20140426,20240426
5905305,1,1,1,1,1,0,0,20140426,20240426
5905307,1,1,1,1,1,0,0,20140426,20240426
5905309,1,1,1,1,1,0,0,20140426,20240426
5905312,1,1,1,1,1,0,0,20140426,20240426
5905314,1,1,1,1,1,0,0,20140426,20240426
5905316,1,1,1,1,1,0,0,20140426,20240426
5905318,1,1,1,1,1,0,0,20140426,20240426
5905320,1,1,1,1,1,0,0,20140426,20240426
5905322,1,1,1,1,1,0,0,20140426,20240426
5905324,1,1,1,1,1,0,0,20140426,20240426
5905326,1,1,1,1,1,0,0,20140426,20240426
5905328,1,1,1,1,1,0,0,20140426,20240426
5905332,1,1,1,1,1,0,0,20140426,20240426
5905330,1,1,1,1,1,0,0,20140426,20240426
5905350,0,0,0,0,0,1,0,20140426,20240426
5905362,0,0,0,0,0,1,0,20140426,20240426
5905364,0,0,0,0,0,1,0,20140426,20240426
5905352,0,0,0,0,0,1,0,20140426,20240426
5905354,0,0,0,0,0,1,0,20140426,20240426
5905356,0,0,0,0,0,1,0,20140426,20240426
5905358,0,0,0,0,0,1,0,20140426,20240426
5905360,0,0,0,0,0,1,0,20140426,20240426
5905344,0,0,0,0,0,1,0,20140426,20240426
5905348,0,0,0,0,0,1,0,20140426,20240426
5905346,0,0,0,0,0,1,0,20140426,20240426
5905366,0,0,0,0,0,0,1,20140426,20240426
5905368,0,0,0,0,0,0,1,20140426,20240426
5905370,0,0,0,0,0,0,1,20140426,20240426
5905372,0,0,0,0,0,0,1,20140426,20240426
5905374,0,0,0,0,0,0,1,20140426,20240426
5905376,0,0,0,0,0,0,1,20140426,20240426
5905378,0,0,0,0,0,0,1,20140426,20240426
5905380,0,0,0,0,0,0,1,20140426,20240426
5904863,1,1,1,1,1,0,0,20140426,20240426
5904861,1,1,1,1,1,0,0,20140426,20240426
5904859,1,1,1,1,1,0,0,20140426,20240426
5904857,1,1,1,1,1,0,0,20140426,20240426
5904883,1,1,1,1,1,0,0,20140426,20240426
5904871,1,1,1,1,1,0,0,20140426,20240426
5904881,1,1,1,1,1,0,0,20140426,20240426
5904879,1,1,1,1,1,0,0,20140426,20240426
5904877,1,1,1,1,1,0,0,20140426,20240426
5904875,1,1,1,1,1,0,0,20140426,20240426
5904873,1,1,1,1,1,0,0,20140426,20240426
5904869,1,1,1,1,1,0,0,20140426,20240426
5904867,1,1,1,1,1,0,0,20140426,20240426
5904865,1,1,1,1,1,0,0,20140426,20240426
5904885,0,0,0,0,0,1,0,20140426,20240426
5904889,0,0,0,0,0,1,0,20140426,20240426
5904887,0,0,0,0,0,1,0,20140426,20240426
5904897,0,0,0,0,0,1,0,20140426,20240426
5904895,0,0,0,0,0,1,0,20140426,20240426
5904893,0,0,0,0,0,1,0,20140426,20240426
5904891,0,0,0,0,0,1,0,20140426,20240426
5904906,0,0,0,0,0,1,0,20140426,20240426
5904904,0,0,0,0,0,1,0,20140426,20240426
5904902,0,0,0,0,0,1,0,20140426,20240426
5904899,0,0,0,0,0,1,0,20140426,20240426
5904900,0,0,0,0,0,1,0,20140426,20240426
5904910,0,0,0,0,0,1,0,20140426,20240426
5904908,0,0,0,0,0,1,0,20140426,20240426
5904912,0,0,0,0,0,0,1,20140426,20240426
5904935,0,0,0,0,0,0,1,20140426,20240426
5904933,0,0,0,0,0,0,1,20140426,20240426
5904931,0,0,0,0,0,0,1,20140426,20240426
5904929,0,0,0,0,0,0,1,20140426,20240426
5904927,0,0,0,0,0,0,1,20140426,20240426
5904924,0,0,0,0,0,0,1,20140426,20240426
5904925,0,0,0,0,0,0,1,20140426,20240426
5904922,0,0,0,0,0,0,1,20140426,20240426
5904920,0,0,0,0,0,0,1,20140426,20240426
5904918,0,0,0,0,0,0,1,20140426,20240426
5904916,0,0,0,0,0,0,1,20140426,20240426
5904914,0,0,0,0,0,0,1,20140426,20240426
5904937,1,1,1,1,1,0,0,20140426,20240426
5904945,1,1,1,1,1,0,0,20140426,20240426
5904943,1,1,1,1,1,0,0,20140426,20240426
5904941,1,1,1,1,1,0,0,20140426,20240426
5904939,1,1,1,1,1,0,0,20140426,20240426
5905101,1,1,1,1,1,0,0,20140426,20240426
5905099,1,1,1,1,1,0,0,20140426,20240426
5905097,1,1,1,1,1,0,0,20140426,20240426
5905095,1,1,1,1,1,0,0,20140426,20240426
5905093,1,1,1,1,1,0,0,20140426,20240426
5905091,1,1,1,1,1,0,0,20140426,20240426
5905089,1,1,1,1,1,0,0,20140426,20240426
5905087,1,1,1,1,1,0,0,20140426,20240426
5905085,1,1,1,1,1,0,0,20140426,20240426
5905083,1,1,1,1,1,0,0,20140426,20240426
5905081,1,1,1,1,1,0,0,20140426,20240426
5905079,1,1,1,1,1,0,0,20140426,20240426
5905077,1,1,1,1,1,0,0,20140426,20240426
5905075,1,1,1,1,1,0,0,20140426,20240426
5905073,1,1,1,1,1,0,0,20140426,20240426
5905055,1,1,1,1,1,0,0,20140426,20240426
5905053,1,1,1,1,1,0,0,20140426,20240426
5905051,1,1,1,1,1,0,0,20140426,20240426
5905049,1,1,1,1,1,0,0,20140426,20240426
5905071,1,1,1,1,1,0,0,20140426,20240426
5905069,1,1,1,1,1,0,0,20140426,20240426
5905067,1,1,1,1,1,0,0,20140426,20240426
5905065,1,1,1,1,1,0,0,20140426,20240426
5905063,1,1,1,1,1,0,0,20140426,20240426
5905061,1,1,1,1,1,0,0,20140426,20240426
5905059,1,1,1,1,1,0,0,20140426,20240426
5905057,1,1,1,1,1,0,0,20140426,20240426
5905045,1,1,1,1,1,0,0,20140426,20240426
5905043,1,1,1,1,1,0,0,20140426,20240426
5905041,1,1,1,1,1,0,0,20140426,20240426
5905039,1,1,1,1,1,0,0,20140426,20240426
5905037,1,1,1,1,1,0,0,20140426,20240426
5905035,1,1,1,1,1,0,0,20140426,20240426
5905033,1,1,1,1,1,0,0,20140426,20240426
5905031,1,1,1,1,1,0,0,20140426,20240426
5905029,1,1,1,1,1,0,0,20140426,20240426
5905027,1,1,1,1,1,0,0,20140426,20240426
5905025,1,1,1,1,1,0,0,20140426,20240426
5905023,1,1,1,1,1,0,0,20140426,20240426
5905021,1,1,1,1,1,0,0,20140426,20240426
5905019,1,1,1,1,1,0,0,20140426,20240426
5905017,1,1,1,1,1,0,0,20140426,20240426
5905015,1,1,1,1,1,0,0,20140426,20240426
5905013,1,1,1,1,1,0,0,20140426,20240426
5905011,1,1,1,1,1,0,0,20140426,20240426
5905009,1,1,1,1,1,0,0,20140426,20240426
5905007,1,1,1,1,1,0,0,20140426,20240426
5905005,1,1,1,1,1,0,0,20140426,20240426
5905003,1,1,1,1,1,0,0,20140426,20240426
5905001,1,1,1,1,1,0,0,20140426,20240426
5904999,1,1,1,1,1,0,0,20140426,20240426
5904997,1,1,1,1,1,0,0,20140426,20240426
5904995,1,1,1,1,1,0,0,20140426,20240426
5904993,1,1,1,1,1,0,0,20140426,20240426
5904991,1,1,1,1,1,0,0,20140426,20240426
5904989,1,1,1,1,1,0,0,20140426,20240426
5905047,1,1,1,1,1,0,0,20140426,20240426
5904987,1,1,1,1,1,0,0,20140426,20240426
5904985,1,1,1,1,1,0,0,20140426,20240426
5904983,1,1,1,1,1,0,0,20140426,20240426
5904981,1,1,1,1,1,0,0,20140426,20240426
5904979,1,1,1,1,1,0,0,20140426,20240426
5904977,1,1,1,1,1,0,0,20140426,20240426
5904975,1,1,1,1,1,0,0,20140426,20240426
5904973,1,1,1,1,1,0,0,20140426,20240426
5904971,1,1,1,1,1,0,0,20140426,20240426
5904969,1,1,1,1,1,0,0,20140426,20240426
5904967,1,1,1,1,1,0,0,20140426,20240426
5904965,1,1,1,1,1,0,0,20140426,20240426
5904963,1,1,1,1,1,0,0,20140426,20240426
5904961,1,1,1,1,1,0,0,20140426,20240426
5904959,1,1,1,1,1,0,0,20140426,20240426
5904957,1,1,1,1,1,0,0,20140426,20240426
5904955,1,1,1,1,1,0,0,20140426,20240426
5904953,1,1,1,1,1,0,0,20140426,20240426
5904951,1,1,1,1,1,0,0,20140426,20240426
5904949,1,1,1,1,1,0,0,20140426,20240426
5904947,1,1,1,1,1,0,0,20140426,20240426
5905155,0,0,0,0,0,1,0,20140426,20240426
5905145,0,0,0,0,0,1,0,20140426,20240426
5905153,0,0,0,0,0,1,0,20140426,20240426
5905195,0,0,0,0,0,1,0,20140426,20240426
5905193,0,0,0,0,0,1,0,20140426,20240426
5905181,0,0,0,0,0,1,0,20140426,20240426
5905179,0,0,0,0,0,1,0,20140426,20240426
5905191,0,0,0,0,0,1,0,20140426,20240426
5905187,0,0,0,0,0,1,0,20140426,20240426
5905157,0,0,0,0,0,1,0,20140426,20240426
5905183,0,0,0,0,0,1,0,20140426,20240426
5905177,0,0,0,0,0,1,0,20140426,20240426
5905147,0,0,0,0,0,1,0,20140426,20240426
5905175,0,0,0,0,0,1,0,20140426,20240426
5905173,0,0,0,0,0,1,0,20140426,20240426
5905171,0,0,0,0,0,1,0,20140426,20240426
5905169,0,0,0,0,0,1,0,20140426,20240426
5905167,0,0,0,0,0,1,0,20140426,20240426
5905165,0,0,0,0,0,1,0,20140426,20240426
5905163,0,0,0,0,0,1,0,20140426,20240426
5905161,0,0,0,0,0,1,0,20140426,20240426
5905159,0,0,0,0,0,1,0,20140426,20240426
5905205,0,0,0,0,0,1,0,20140426,20240426
5905203,0,0,0,0,0,1,0,20140426,20240426
5905201,0,0,0,0,0,1,0,20140426,20240426
5905199,0,0,0,0,0,1,0,20140426,20240426
5905197,0,0,0,0,0,1,0,20140426,20240426
5905151,0,0,0,0,0,1,0,20140426,20240426
5905149,0,0,0,0,0,1,0,20140426,20240426
5905189,0,0,0,0,0,1,0,20140426,20240426
5905109,0,0,0,0,0,1,0,20140426,20240426
5905185,0,0,0,0,0,1,0,20140426,20240426
5905107,0,0,0,0,0,1,0,20140426,20240426
5905105,0,0,0,0,0,1,0,20140426,20240426
5905103,0,0,0,0,0,1,0,20140426,20240426
5905143,0,0,0,0,0,1,0,20140426,20240426
5905141,0,0,0,0,0,1,0,20140426,20240426
5905139,0,0,0,0,0,1,0,20140426,20240426
5905137,0,0,0,0,0,1,0,20140426,20240426
5905135,0,0,0,0,0,1,0,20140426,20240426
5905133,0,0,0,0,0,1,0,20140426,20240426
5905131,0,0,0,0,0,1,0,20140426,20240426
5905129,0,0,0,0,0,1,0,20140426,20240426
5905127,0,0,0,0,0,1,0,20140426,20240426
5905125,0,0,0,0,0,1,0,20140426,20240426
5905123,0,0,0,0,0,1,0,20140426,20240426
5905113,0,0,0,0,0,1,0,20140426,20240426
5905111,0,0,0,0,0,1,0,20140426,20240426
5905121,0,0,0,0,0,1,0,20140426,20240426
5905119,0,0,0,0,0,1,0,20140426,20240426
5905117,0,0,0,0,0,1,0,20140426,20240426
5905115,0,0,0,0,0,1,0,20140426,20240426
7964214,0,0,0,0,0,0,1,20140426,20240426
7964163,0,0,0,0,0,0,1,20140426,20240426
7964164,0,0,0,0,0,0,1,20140426,20240426
7964165,0,0,0,0,0,0,1,20140426,20240426
7964166,0,0,0,0,0,0,1,20140426,20240426
7964167,0,0,0,0,0,0,1,20140426,20240426
7964168,0,0,0,0,0,0,1,20140426,20240426
7964169,0,0,0,0,0,0,1,20140426,20240426
7964170,0,0,0,0,0,0,1,20140426,20240426
7964171,0,0,0,0,0,0,1,20140426,20240426
7964172,0,0,0,0,0,0,1,20140426,20240426
7964173,0,0,0,0,0,0,1,20140426,20240426
7964174,0,0,0,0,0,0,1,20140426,20240426
7964175,0,0,0,0,0,0,1,20140426,20240426
7964176,0,0,0,0,0,0,1,20140426,20240426
7964177,0,0,0,0,0,0,1,20140426,20240426
7964178,0,0,0,0,0,0,1,20140426,20240426
7964179,0,0,0,0,0,0,1,20140426,20240426
7964180,0,0,0,0,0,0,1,20140426,20240426
7964181,0,0,0,0,0,0,1,20140426,20240426
7964182,0,0,0,0,0,0,1,20140426,20240426
7964183,0,0,0,0,0,0,1,20140426,20240426
7964184,0,0,0,0,0,0,1,20140426,20240426
7964185,0,0,0,0,0,0,1,20140426,20240426
7964186,0,0,0,0,0,0,1,20140426,20240426
7964187,0,0,0,0,0,0,1,20140426,20240426
7964188,0,0,0,0,0,0,1,20140426,20240426
7964189,0,0,0,0,0,0,1,20140426,20240426
7964190,0,0,0,0,0,0,1,20140426,20240426
7964191,0,0,0,0,0,0,1,20140426,20240426
7964192,0,0,0,0,0,0,1,20140426,20240426
7964193,0,0,0,0,0,0,1,20140426,20240426
7964194,0,0,0,0,0,0,1,20140426,20240426
7964195,0,0,0,0,0,0,1,20140426,20240426
7964196,0,0,0,0,0,0,1,20140426,20240426
7964197,0,0,0,0,0,0,1,20140426,20240426
7964198,0,0,0,0,0,0,1,20140426,20240426
7964199,0,0,0,0,0,0,1,20140426,20240426
7964200,0,0,0,0,0,0,1,20140426,20240426
7964201,0,0,0,0,0,0,1,20140426,20240426
7964202,0,0,0,0,0,0,1,20140426,20240426
7964203,0,0,0,0,0,0,1,20140426,20240426
7964204,0,0,0,0,0,0,1,20140426,20240426
7964205,0,0,0,0,0,0,1,20140426,20240426
7964206,0,0,0,0,0,0,1,20140426,20240426
7964207,0,0,0,0,0,0,1,20140426,20240426
7964208,0,0,0,0,0,0,1,20140426,20240426
7964209,0,0,0,0,0,0,1,20140426,20240426
7964210,0,0,0,0,0,0,1,20140426,20240426
7964211,0,0,0,0,0,0,1,20140426,20240426
7964212,0,0,0,0,0,0,1,20140426,20240426
7964213,0,0,0,0,0,0,1,20140426,20240426
27347136,1,1,1,1,1,0,0,20201214,20301214
27347133,1,1,1,1,1,0,0,20201214,20301214
27347131,1,1,1,1,1,0,0,20201214,20301214
27347129,1,1,1,1,1,0,0,20201214,20301214
27347127,1,1,1,1,1,0,0,20201214,20301214
27347125,1,1,1,1,1,0,0,20201214,20301214
27347123,1,1,1,1,1,0,0,20201214,20301214
27347121,1,1,1,1,1,0,0,20201214,20301214
27347119,1,1,1,1,1,0,0,20201214,20301214
27347117,1,1,1,1,1,0,0,20201214,20301214
27347115,1,1,1,1,1,0,0,20201214,20301214
27347113,1,1,1,1,1,0,0,20201214,20301214
27347111,1,1,1,1,1,0,0,20201214,20301214
27347109,1,1,1,1,1,0,0,20201214,20301214
27347107,1,1,1,1,1,0,0,20201214,20301214
27347105,1,1,1,1,1,0,0,20201214,20301214
27347102,1,1,1,1,1,0,0,20201214,20301214
27347100,1,1,1,1,1,0,0,20201214,20301214
27347098,1,1,1,1,1,0,0,20201214,20301214
27347096,1,1,1,1,1,0,0,20201214,20301214
27347094,1,1,1,1,1,0,0,20201214,20301214
27347092,1,1,1,1,1,0,0,20201214,20301214
27347090,1,1,1,1,1,0,0,20201214,20301214
27347088,1,1,1,1,1,0,0,20201214,20301214
27347086,1,1,1,1,1,0,0,20201214,20301214
27347084,1,1,1,1,1,0,0,20201214,20301214
27347140,0,0,0,0,0,1,0,20201214,20301214
27347138,0,0,0,0,0,1,0,20201214,20301214
27347148,0,0,0,0,0,1,0,20201214,20301214
27347146,0,0,0,0,0,1,0,20201214,20301214
27347144,0,0,0,0,0,1,0,20201214,20301214
27347142,0,0,0,0,0,1,0,20201214,20301214
27347158,0,0,0,0,0,1,0,20201214,20301214
27347156,0,0,0,0,0,1,0,20201214,20301214
27347154,0,0,0,0,0,1,0,20201214,20301214
27347152,0,0,0,0,0,1,0,20201214,20301214
27347150,0,0,0,0,0,1,0,20201214,20301214
27347160,0,0,0,0,0,0,1,20201214,20301214
27347164,0,0,0,0,0,0,1,20201214,20301214
27347162,0,0,0,0,0,0,1,20201214,20301214
27347176,0,0,0,0,0,0,1,20201214,20301214
27347174,0,0,0,0,0,0,1,20201214,20301214
27347172,0,0,0,0,0,0,1,20201214,20301214
27347170,0,0,0,0,0,0,1,20201214,20301214
27347168,0,0,0,0,0,0,1,20201214,20301214
27347166,0,0,0,0,0,0,1,20201214,20301214
5905335,1,1,1,1,1,0,0,20140426,20240426
5905341,1,1,1,1,1,0,0,20140426,20240426
5905339,1,1,1,1,1,0,0,20140426,20240426
5905337,1,1,1,1,1,0,0,20140426,20240426
5905300,1,1,1,1,1,0,0,20140426,20240426
5905304,1,1,1,1,1,0,0,20140426,20240426
5905302,1,1,1,1,1,0,0,20140426,20240426
5905313,1,1,1,1,1,0,0,20140426,20240426
5905310,1,1,1,1,1,0,0,20140426,20240426
5905311,1,1,1,1,1,0,0,20140426,20240426
5905308,1,1,1,1,1,0,0,20140426,20240426
5905306,1,1,1,1,1,0,0,20140426,20240426
5905331,1,1,1,1,1,0,0,20140426,20240426
5905333,1,1,1,1,1,0,0,20140426,20240426
5905329,1,1,1,1,1,0,0,20140426,20240426
5905327,1,1,1,1,1,0,0,20140426,20240426
5905325,1,1,1,1,1,0,0,20140426,20240426
5905323,1,1,1,1,1,0,0,20140426,20240426
5905321,1,1,1,1,1,0,0,20140426,20240426
5905319,1,1,1,1,1,0,0,20140426,20240426
5905317,1,1,1,1,1,0,0,20140426,20240426
5905315,1,1,1,1,1,0,0,20140426,20240426
5905345,0,0,0,0,0,1,0,20140426,20240426
5905343,0,0,0,0,0,1,0,20140426,20240426
5905351,0,0,0,0,0,1,0,20140426,20240426
5905363,0,0,0,0,0,1,0,20140426,20240426
5905353,0,0,0,0,0,1,0,20140426,20240426
5905361,0,0,0,0,0,1,0,20140426,20240426
5905359,0,0,0,0,0,1,0,20140426,20240426
5905357,0,0,0,0,0,1,0,20140426,20240426
5905355,0,0,0,0,0,1,0,20140426,20240426
5905347,0,0,0,0,0,1,0,20140426,20240426
5905349,0,0,0,0,0,1,0,20140426,20240426
5905365,0,0,0,0,0,0,1,20140426,20240426
5905369,0,0,0,0,0,0,1,20140426,20240426
5905367,0,0,0,0,0,0,1,20140426,20240426
5905377,0,0,0,0,0,0,1,20140426,20240426
5905375,0,0,0,0,0,0,1,20140426,20240426
5905373,0,0,0,0,0,0,1,20140426,20240426
5905371,0,0,0,0,0,0,1,20140426,20240426
5905379,0,0,0,0,0,0,1,20140426,20240426
5905479,1,1,1,1,1,0,0,20140426,20240426
5905481,1,1,1,1,1,0,0,20140426,20240426
5905483,1,1,1,1,1,0,0,20140426,20240426
5905485,1,1,1,1,1,0,0,20140426,20240426
5905487,1,1,1,1,1,0,0,20140426,20240426
5905489,1,1,1,1,1,0,0,20140426,20240426
5905491,1,1,1,1,1,0,0,20140426,20240426
5905493,1,1,1,1,1,0,0,20140426,20240426
5905509,1,1,1,1,1,0,0,20140426,20240426
5905511,1,1,1,1,1,0,0,20140426,20240426
5905513,1,1,1,1,1,0,0,20140426,20240426
5905515,1,1,1,1,1,0,0,20140426,20240426
5905517,1,1,1,1,1,0,0,20140426,20240426
5905519,1,1,1,1,1,0,0,20140426,20240426
5905507,1,1,1,1,1,0,0,20140426,20240426
5905503,1,1,1,1,1,0,0,20140426,20240426
5905505,1,1,1,1,1,0,0,20140426,20240426
5905495,1,1,1,1,1,0,0,20140426,20240426
5905497,1,1,1,1,1,0,0,20140426,20240426
5905499,1,1,1,1,1,0,0,20140426,20240426
5905501,1,1,1,1,1,0,0,20140426,20240426
5905455,1,1,1,1,1,0,0,20140426,20240426
5905521,1,1,1,1,1,0,0,20140426,20240426
5905523,1,1,1,1,1,0,0,20140426,20240426
5905525,1,1,1,1,1,0,0,20140426,20240426
5905477,1,1,1,1,1,0,0,20140426,20240426
5905381,1,1,1,1,1,0,0,20140426,20240426
5905383,1,1,1,1,1,0,0,20140426,20240426
5905385,1,1,1,1,1,0,0,20140426,20240426
5905387,1,1,1,1,1,0,0,20140426,20240426
5905389,1,1,1,1,1,0,0,20140426,20240426
5905391,1,1,1,1,1,0,0,20140426,20240426
5905393,1,1,1,1,1,0,0,20140426,20240426
5905395,1,1,1,1,1,0,0,20140426,20240426
5905447,1,1,1,1,1,0,0,20140426,20240426
5905449,1,1,1,1,1,0,0,20140426,20240426
5905451,1,1,1,1,1,0,0,20140426,20240426
5905453,1,1,1,1,1,0,0,20140426,20240426
5905431,1,1,1,1,1,0,0,20140426,20240426
5905433,1,1,1,1,1,0,0,20140426,20240426
5905435,1,1,1,1,1,0,0,20140426,20240426
5905437,1,1,1,1,1,0,0,20140426,20240426
5905439,1,1,1,1,1,0,0,20140426,20240426
5905441,1,1,1,1,1,0,0,20140426,20240426
5905443,1,1,1,1,1,0,0,20140426,20240426
5905445,1,1,1,1,1,0,0,20140426,20240426
5905397,1,1,1,1,1,0,0,20140426,20240426
5905399,1,1,1,1,1,0,0,20140426,20240426
5905401,1,1,1,1,1,0,0,20140426,20240426
5905403,1,1,1,1,1,0,0,20140426,20240426
5905405,1,1,1,1,1,0,0,20140426,20240426
5905407,1,1,1,1,1,0,0,20140426,20240426
5905409,1,1,1,1,1,0,0,20140426,20240426
5905411,1,1,1,1,1,0,0,20140426,20240426
5905413,1,1,1,1,1,0,0,20140426,20240426
5905415,1,1,1,1,1,0,0,20140426,20240426
5905417,1,1,1,1,1,0,0,20140426,20240426
5905418,1,1,1,1,1,0,0,20140426,20240426
5905420,1,1,1,1,1,0,0,20140426,20240426
5905422,1,1,1,1,1,0,0,20140426,20240426
5905424,1,1,1,1,1,0,0,20140426,20240426
5905425,1,1,1,1,1,0,0,20140426,20240426
5905427,1,1,1,1,1,0,0,20140426,20240426
5905429,1,1,1,1,1,0,0,20140426,20240426
5905473,1,1,1,1,1,0,0,20140426,20240426
5905475,1,1,1,1,1,0,0,20140426,20240426
5905457,1,1,1,1,1,0,0,20140426,20240426
5905459,1,1,1,1,1,0,0,20140426,20240426
5905461,1,1,1,1,1,0,0,20140426,20240426
5905463,1,1,1,1,1,0,0,20140426,20240426
5905465,1,1,1,1,1,0,0,20140426,20240426
5905467,1,1,1,1,1,0,0,20140426,20240426
5905469,1,1,1,1,1,0,0,20140426,20240426
5905471,1,1,1,1,1,0,0,20140426,20240426
5905587,0,0,0,0,0,1,0,20140426,20240426
5905589,0,0,0,0,0,1,0,20140426,20240426
5905581,0,0,0,0,0,1,0,20140426,20240426
5905583,0,0,0,0,0,1,0,20140426,20240426
5905585,0,0,0,0,0,1,0,20140426,20240426
5905565,0,0,0,0,0,1,0,20140426,20240426
5905567,0,0,0,0,0,1,0,20140426,20240426
5905569,0,0,0,0,0,1,0,20140426,20240426
5905571,0,0,0,0,0,1,0,20140426,20240426
5905573,0,0,0,0,0,1,0,20140426,20240426
5905575,0,0,0,0,0,1,0,20140426,20240426
5905577,0,0,0,0,0,1,0,20140426,20240426
5905579,0,0,0,0,0,1,0,20140426,20240426
5905563,0,0,0,0,0,1,0,20140426,20240426
5905527,0,0,0,0,0,1,0,20140426,20240426
5905533,0,0,0,0,0,1,0,20140426,20240426
5905529,0,0,0,0,0,1,0,20140426,20240426
5905531,0,0,0,0,0,1,0,20140426,20240426
5905535,0,0,0,0,0,1,0,20140426,20240426
5905561,0,0,0,0,0,1,0,20140426,20240426
5905557,0,0,0,0,0,1,0,20140426,20240426
5905559,0,0,0,0,0,1,0,20140426,20240426
5905541,0,0,0,0,0,1,0,20140426,20240426
5905543,0,0,0,0,0,1,0,20140426,20240426
5905545,0,0,0,0,0,1,0,20140426,20240426
5905547,0,0,0,0,0,1,0,20140426,20240426
5905549,0,0,0,0,0,1,0,20140426,20240426
5905551,0,0,0,0,0,1,0,20140426,20240426
5905553,0,0,0,0,0,1,0,20140426,20240426
5905555,0,0,0,0,0,1,0,20140426,20240426
5905537,0,0,0,0,0,1,0,20140426,20240426
5905539,0,0,0,0,0,1,0,20140426,20240426
5905591,0,0,0,0,0,0,1,20140426,20240426
5905593,0,0,0,0,0,0,1,20140426,20240426
5905599,0,0,0,0,0,0,1,20140426,20240426
5905595,0,0,0,0,0,0,1,20140426,20240426
5905597,0,0,0,0,0,0,1,20140426,20240426
5905641,0,0,0,0,0,0,1,20140426,20240426
5905643,0,0,0,0,0,0,1,20140426,20240426
5905645,0,0,0,0,0,0,1,20140426,20240426
5905647,0,0,0,0,0,0,1,20140426,20240426
5905629,0,0,0,0,0,0,1,20140426,20240426
5905631,0,0,0,0,0,0,1,20140426,20240426
5905633,0,0,0,0,0,0,1,20140426,20240426
5905635,0,0,0,0,0,0,1,20140426,20240426
5905637,0,0,0,0,0,0,1,20140426,20240426
5905639,0,0,0,0,0,0,1,20140426,20240426
5905627,0,0,0,0,0,0,1,20140426,20240426
5905625,0,0,0,0,0,0,1,20140426,20240426
5905617,0,0,0,0,0,0,1,20140426,20240426
5905619,0,0,0,0,0,0,1,20140426,20240426
5905621,0,0,0,0,0,0,1,20140426,20240426
5905623,0,0,0,0,0,0,1,20140426,20240426
5905601,0,0,0,0,0,0,1,20140426,20240426
5905603,0,0,0,0,0,0,1,20140426,20240426
5905605,0,0,0,0,0,0,1,20140426,20240426
5905607,0,0,0,0,0,0,1,20140426,20240426
5905609,0,0,0,0,0,0,1,20140426,20240426
5905611,0,0,0,0,0,0,1,20140426,20240426
5905613,0,0,0,0,0,0,1,20140426,20240426
5905615,0,0,0,0,0,0,1,20140426,20240426
5905456,1,1,1,1,1,0,0,20140426,20240426
5905472,1,1,1,1,1,0,0,20140426,20240426
5905470,1,1,1,1,1,0,0,20140426,20240426
5905468,1,1,1,1,1,0,0,20140426,20240426
5905466,1,1,1,1,1,0,0,20140426,20240426
5905464,1,1,1,1,1,0,0,20140426,20240426
5905462,1,1,1,1,1,0,0,20140426,20240426
5905460,1,1,1,1,1,0,0,20140426,20240426
5905458,1,1,1,1,1,0,0,20140426,20240426
5905476,1,1,1,1,1,0,0,20140426,20240426
5905474,1,1,1,1,1,0,0,20140426,20240426
5905454,1,1,1,1,1,0,0,20140426,20240426
5905452,1,1,1,1,1,0,0,20140426,20240426
5905450,1,1,1,1,1,0,0,20140426,20240426
5905448,1,1,1,1,1,0,0,20140426,20240426
5905446,1,1,1,1,1,0,0,20140426,20240426
5905444,1,1,1,1,1,0,0,20140426,20240426
5905442,1,1,1,1,1,0,0,20140426,20240426
5905440,1,1,1,1,1,0,0,20140426,20240426
5905438,1,1,1,1,1,0,0,20140426,20240426
5905436,1,1,1,1,1,0,0,20140426,20240426
5905434,1,1,1,1,1,0,0,20140426,20240426
5905432,1,1,1,1,1,0,0,20140426,20240426
5905430,1,1,1,1,1,0,0,20140426,20240426
5905428,1,1,1,1,1,0,0,20140426,20240426
5905426,1,1,1,1,1,0,0,20140426,20240426
5905423,1,1,1,1,1,0,0,20140426,20240426
5905421,1,1,1,1,1,0,0,20140426,20240426
5905419,1,1,1,1,1,0,0,20140426,20240426
5905416,1,1,1,1,1,0,0,20140426,20240426
5905414,1,1,1,1,1,0,0,20140426,20240426
5905412,1,1,1,1,1,0,0,20140426,20240426
5905410,1,1,1,1,1,0,0,20140426,20240426
5905408,1,1,1,1,1,0,0,20140426,20240426
5905406,1,1,1,1,1,0,0,20140426,20240426
5905404,1,1,1,1,1,0,0,20140426,20240426
5905402,1,1,1,1,1,0,0,20140426,20240426
5905400,1,1,1,1,1,0,0,20140426,20240426
5905398,1,1,1,1,1,0,0,20140426,20240426
5905396,1,1,1,1,1,0,0,20140426,20240426
5905394,1,1,1,1,1,0,0,20140426,20240426
5905392,1,1,1,1,1,0,0,20140426,20240426
5905390,1,1,1,1,1,0,0,20140426,20240426
5905388,1,1,1,1,1,0,0,20140426,20240426
5905386,1,1,1,1,1,0,0,20140426,20240426
5905384,1,1,1,1,1,0,0,20140426,20240426
5905382,1,1,1,1,1,0,0,20140426,20240426
5905494,1,1,1,1,1,0,0,20140426,20240426
5905492,1,1,1,1,1,0,0,20140426,20240426
5905490,1,1,1,1,1,0,0,20140426,20240426
5905488,1,1,1,1,1,0,0,20140426,20240426
5905486,1,1,1,1,1,0,0,20140426,20240426
5905484,1,1,1,1,1,0,0,20140426,20240426
5905482,1,1,1,1,1,0,0,20140426,20240426
5905480,1,1,1,1,1,0,0,20140426,20240426
5905478,1,1,1,1,1,0,0,20140426,20240426
5905526,1,1,1,1,1,0,0,20140426,20240426
5905524,1,1,1,1,1,0,0,20140426,20240426
5905522,1,1,1,1,1,0,0,20140426,20240426
5905502,1,1,1,1,1,0,0,20140426,20240426
5905500,1,1,1,1,1,0,0,20140426,20240426
5905498,1,1,1,1,1,0,0,20140426,20240426
5905496,1,1,1,1,1,0,0,20140426,20240426
5905506,1,1,1,1,1,0,0,20140426,20240426
5905504,1,1,1,1,1,0,0,20140426,20240426
5905508,1,1,1,1,1,0,0,20140426,20240426
5905520,1,1,1,1,1,0,0,20140426,20240426
5905518,1,1,1,1,1,0,0,20140426,20240426
5905516,1,1,1,1,1,0,0,20140426,20240426
5905514,1,1,1,1,1,0,0,20140426,20240426
5905512,1,1,1,1,1,0,0,20140426,20240426
5905510,1,1,1,1,1,0,0,20140426,20240426
5905528,0,0,0,0,0,1,0,20140426,20240426
5905532,0,0,0,0,0,1,0,20140426,20240426
5905530,0,0,0,0,0,1,0,20140426,20240426
5905534,0,0,0,0,0,1,0,20140426,20240426
5905562,0,0,0,0,0,1,0,20140426,20240426
5905556,0,0,0,0,0,1,0,20140426,20240426
5905554,0,0,0,0,0,1,0,20140426,20240426
5905552,0,0,0,0,0,1,0,20140426,20240426
5905550,0,0,0,0,0,1,0,20140426,20240426
5905548,0,0,0,0,0,1,0,20140426,20240426
5905546,0,0,0,0,0,1,0,20140426,20240426
5905544,0,0,0,0,0,1,0,20140426,20240426
5905542,0,0,0,0,0,1,0,20140426,20240426
5905560,0,0,0,0,0,1,0,20140426,20240426
5905558,0,0,0,0,0,1,0,20140426,20240426
5905540,0,0,0,0,0,1,0,20140426,20240426
5905538,0,0,0,0,0,1,0,20140426,20240426
5905536,0,0,0,0,0,1,0,20140426,20240426
5905580,0,0,0,0,0,1,0,20140426,20240426
5905578,0,0,0,0,0,1,0,20140426,20240426
5905576,0,0,0,0,0,1,0,20140426,20240426
5905574,0,0,0,0,0,1,0,20140426,20240426
5905572,0,0,0,0,0,1,0,20140426,20240426
5905570,0,0,0,0,0,1,0,20140426,20240426
5905568,0,0,0,0,0,1,0,20140426,20240426
5905566,0,0,0,0,0,1,0,20140426,20240426
5905564,0,0,0,0,0,1,0,20140426,20240426
5905586,0,0,0,0,0,1,0,20140426,20240426
5905584,0,0,0,0,0,1,0,20140426,20240426
5905582,0,0,0,0,0,1,0,20140426,20240426
5905590,0,0,0,0,0,1,0,20140426,20240426
5905588,0,0,0,0,0,1,0,20140426,20240426
5905594,0,0,0,0,0,0,1,20140426,20240426
5905592,0,0,0,0,0,0,1,20140426,20240426
5905598,0,0,0,0,0,0,1,20140426,20240426
5905596,0,0,0,0,0,0,1,20140426,20240426
5905616,0,0,0,0,0,0,1,20140426,20240426
5905614,0,0,0,0,0,0,1,20140426,20240426
5905612,0,0,0,0,0,0,1,20140426,20240426
5905610,0,0,0,0,0,0,1,20140426,20240426
5905608,0,0,0,0,0,0,1,20140426,20240426
5905606,0,0,0,0,0,0,1,20140426,20240426
5905604,0,0,0,0,0,0,1,20140426,20240426
5905602,0,0,0,0,0,0,1,20140426,20240426
5905624,0,0,0,0,0,0,1,20140426,20240426
5905622,0,0,0,0,0,0,1,20140426,20240426
5905620,0,0,0,0,0,0,1,20140426,20240426
5905618,0,0,0,0,0,0,1,20140426,20240426
5905626,0,0,0,0,0,0,1,20140426,20240426
5905640,0,0,0,0,0,0,1,20140426,20240426
5905638,0,0,0,0,0,0,1,20140426,20240426
5905636,0,0,0,0,0,0,1,20140426,20240426
5905634,0,0,0,0,0,0,1,20140426,20240426
5905632,0,0,0,0,0,0,1,20140426,20240426
5905630,0,0,0,0,0,0,1,20140426,20240426
5905648,0,0,0,0,0,0,1,20140426,20240426
5905646,0,0,0,0,0,0,1,20140426,20240426
5905644,0,0,0,0,0,0,1,20140426,20240426
5905642,0,0,0,0,0,0,1,20140426,20240426
5905600,0,0,0,0,0,0,1,20140426,20240426
5905628,0,0,0,0,0,0,1,20140426,20240426
5904884,1,1,1,1,1,0,0,20140426,20240426
5904870,1,1,1,1,1,0,0,20140426,20240426
5904898,0,0,0,0,0,1,0,20140426,20240426
5904911,0,0,0,0,0,1,0,20140426,20240426
5904936,0,0,0,0,0,0,1,20140426,20240426
5904923,0,0,0,0,0,0,1,20140426,20240426
