service_id,monday,tuesday,wednesday,thursday,friday,saturday,sunday,start_date,end_date
27318086,1,1,1,1,1,0,0,20201002,20301002
27318087,1,1,1,1,1,0,0,20201002,20301002
27318088,1,1,1,1,1,0,0,20201002,20301002
27318089,1,1,1,1,1,0,0,20201002,20301002
27318090,1,1,1,1,1,0,0,20201002,20301002
27318091,1,1,1,1,1,0,0,20201002,20301002
27318092,1,1,1,1,1,0,0,20201002,20301002
27318093,1,1,1,1,1,0,0,20201002,20301002
27318094,1,1,1,1,1,0,0,20201002,20301002
27318095,1,1,1,1,1,0,0,20201002,20301002
27318096,1,1,1,1,1,0,0,20201002,20301002
27318097,1,1,1,1,1,0,0,20201002,20301002
27318098,1,1,1,1,1,0,0,20201002,20301002
27318099,1,1,1,1,1,0,0,20201002,20301002
27318100,1,1,1,1,1,0,0,20201002,20301002
27318101,1,1,1,1,1,0,0,20201002,20301002
27318102,1,1,1,1,1,0,0,20201002,20301002
27318103,1,1,1,1,1,0,0,20201002,20301002
27318104,1,1,1,1,1,0,0,20201002,20301002
27318105,1,1,1,1,1,0,0,20201002,20301002
27318106,1,1,1,1,1,0,0,20201002,20301002
27318107,1,1,1,1,1,0,0,20201002,20301002
27318108,1,1,1,1,1,0,0,20201002,20301002
27318109,1,1,1,1,1,0,0,20201002,20301002
27318110,1,1,1,1,1,0,0,20201002,20301002
27318111,1,1,1,1,1,0,0,20201002,20301002
27318112,1,1,1,1,1,0,0,20201002,20301002
27318113,1,1,1,1,1,0,0,20201002,20301002
27318114,1,1,1,1,1,0,0,20201002,20301002
27318115,1,1,1,1,1,0,0,20201002,20301002
27318116,1,1,1,1,1,0,0,20201002,20301002
27318117,1,1,1,1,1,0,0,20201002,20301002
27318118,1,1,1,1,1,0,0,20201002,20301002
27318119,1,1,1,1,1,0,0,20201002,20301002
27318120,1,1,1,1,1,0,0,20201002,20301002
27318121,1,1,1,1,1,0,0,20201002,20301002
27318122,1,1,1,1,1,0,0,20201002,20301002
27318123,1,1,1,1,1,0,0,20201002,20301002
27318124,1,1,1,1,1,0,0,20201002,20301002
27318125,1,1,1,1,1,0,0,20201002,20301002
27318126,1,1,1,1,1,0,0,20201002,20301002
27318127,1,1,1,1,1,0,0,20201002,20301002
27318128,1,1,1,1,1,0,0,20201002,20301002
27318129,1,1,1,1,1,0,0,20201002,20301002
27318130,1,1,1,1,1,0,0,20201002,20301002
27318131,1,1,1,1,1,0,0,20201002,20301002
27318132,1,1,1,1,1,0,0,20201002,20301002
27318133,1,1,1,1,1,0,0,20201002,20301002
27318134,1,1,1,1,1,0,0,20201002,20301002
27318135,1,1,1,1,1,0,0,20201002,20301002
27318136,1,1,1,1,1,0,0,20201002,20301002
27318137,1,1,1,1,1,0,0,20201002,20301002
27318138,1,1,1,1,1,0,0,20201002,20301002
27318139,1,1,1,1,1,0,0,20201002,20301002
27318140,1,1,1,1,1,0,0,20201002,20301002
27318072,1,1,1,1,1,0,0,20201002,20301002
27318073,1,1,1,1,1,0,0,20201002,20301002
27318074,1,1,1,1,1,0,0,20201002,20301002
27318075,1,1,1,1,1,0,0,20201002,20301002
27318076,1,1,1,1,1,0,0,20201002,20301002
27318077,1,1,1,1,1,0,0,20201002,20301002
27318078,1,1,1,1,1,0,0,20201002,20301002
27318079,1,1,1,1,1,0,0,20201002,20301002
27318080,1,1,1,1,1,0,0,20201002,20301002
27318081,1,1,1,1,1,0,0,20201002,20301002
27318082,1,1,1,1,1,0,0,20201002,20301002
27318083,1,1,1,1,1,0,0,20201002,20301002
27318084,1,1,1,1,1,0,0,20201002,20301002
27318085,1,1,1,1,1,0,0,20201002,20301002
27318071,1,1,1,1,1,0,0,20201002,20301002
27318006,1,1,1,1,1,0,0,20201002,20301002
27318007,1,1,1,1,1,0,0,20201002,20301002
27318008,1,1,1,1,1,0,0,20201002,20301002
27318009,1,1,1,1,1,0,0,20201002,20301002
27318010,1,1,1,1,1,0,0,20201002,20301002
27318011,1,1,1,1,1,0,0,20201002,20301002
27318012,1,1,1,1,1,0,0,20201002,20301002
27318013,1,1,1,1,1,0,0,20201002,20301002
27318014,1,1,1,1,1,0,0,20201002,20301002
27318015,1,1,1,1,1,0,0,20201002,20301002
27318016,1,1,1,1,1,0,0,20201002,20301002
27318017,1,1,1,1,1,0,0,20201002,20301002
27318018,1,1,1,1,1,0,0,20201002,20301002
27318019,1,1,1,1,1,0,0,20201002,20301002
27318020,1,1,1,1,1,0,0,20201002,20301002
27318021,1,1,1,1,1,0,0,20201002,20301002
27318022,1,1,1,1,1,0,0,20201002,20301002
27318023,1,1,1,1,1,0,0,20201002,20301002
27318024,1,1,1,1,1,0,0,20201002,20301002
27318025,1,1,1,1,1,0,0,20201002,20301002
27318026,1,1,1,1,1,0,0,20201002,20301002
27318027,1,1,1,1,1,0,0,20201002,20301002
27318028,1,1,1,1,1,0,0,20201002,20301002
27318029,1,1,1,1,1,0,0,20201002,20301002
27318030,1,1,1,1,1,0,0,20201002,20301002
27318031,1,1,1,1,1,0,0,20201002,20301002
27318032,1,1,1,1,1,0,0,20201002,20301002
27318033,1,1,1,1,1,0,0,20201002,20301002
27318034,1,1,1,1,1,0,0,20201002,20301002
27318035,1,1,1,1,1,0,0,20201002,20301002
27318036,1,1,1,1,1,0,0,20201002,20301002
27318037,1,1,1,1,1,0,0,20201002,20301002
27318038,1,1,1,1,1,0,0,20201002,20301002
27318039,1,1,1,1,1,0,0,20201002,20301002
27318040,1,1,1,1,1,0,0,20201002,20301002
27318041,1,1,1,1,1,0,0,20201002,20301002
27318042,1,1,1,1,1,0,0,20201002,20301002
27318043,1,1,1,1,1,0,0,20201002,20301002
27318044,1,1,1,1,1,0,0,20201002,20301002
27318045,1,1,1,1,1,0,0,20201002,20301002
27318046,1,1,1,1,1,0,0,20201002,20301002
27318047,1,1,1,1,1,0,0,20201002,20301002
27318048,1,1,1,1,1,0,0,20201002,20301002
27318049,1,1,1,1,1,0,0,20201002,20301002
27318050,1,1,1,1,1,0,0,20201002,20301002
27318051,1,1,1,1,1,0,0,20201002,20301002
27318052,1,1,1,1,1,0,0,20201002,20301002
27318053,1,1,1,1,1,0,0,20201002,20301002
27318054,1,1,1,1,1,0,0,20201002,20301002
27318055,1,1,1,1,1,0,0,20201002,20301002
27318056,1,1,1,1,1,0,0,20201002,20301002
27318057,1,1,1,1,1,0,0,20201002,20301002
27318058,1,1,1,1,1,0,0,20201002,20301002
27318059,1,1,1,1,1,0,0,20201002,20301002
27318060,1,1,1,1,1,0,0,20201002,20301002
27318061,1,1,1,1,1,0,0,20201002,20301002
27318062,1,1,1,1,1,0,0,20201002,20301002
27318063,1,1,1,1,1,0,0,20201002,20301002
27318064,1,1,1,1,1,0,0,20201002,20301002
27318065,1,1,1,1,1,0,0,20201002,20301002
27318066,1,1,1,1,1,0,0,20201002,20301002
27318067,1,1,1,1,1,0,0,20201002,20301002
27318068,1,1,1,1,1,0,0,20201002,20301002
27318069,1,1,1,1,1,0,0,20201002,20301002
27318070,1,1,1,1,1,0,0,20201002,20301002
27318173,0,0,0,0,0,1,0,20201002,20301002
27318174,0,0,0,0,0,1,0,20201002,20301002
27318175,0,0,0,0,0,1,0,20201002,20301002
27318176,0,0,0,0,0,1,0,20201002,20301002
27318177,0,0,0,0,0,1,0,20201002,20301002
27318178,0,0,0,0,0,1,0,20201002,20301002
27318179,0,0,0,0,0,1,0,20201002,20301002
27318180,0,0,0,0,0,1,0,20201002,20301002
27318181,0,0,0,0,0,1,0,20201002,20301002
27318182,0,0,0,0,0,1,0,20201002,20301002
27318183,0,0,0,0,0,1,0,20201002,20301002
27318184,0,0,0,0,0,1,0,20201002,20301002
27318185,0,0,0,0,0,1,0,20201002,20301002
27318186,0,0,0,0,0,1,0,20201002,20301002
27318187,0,0,0,0,0,1,0,20201002,20301002
27318188,0,0,0,0,0,1,0,20201002,20301002
27318189,0,0,0,0,0,1,0,20201002,20301002
27318190,0,0,0,0,0,1,0,20201002,20301002
27318191,0,0,0,0,0,1,0,20201002,20301002
27318192,0,0,0,0,0,1,0,20201002,20301002
27318193,0,0,0,0,0,1,0,20201002,20301002
27318194,0,0,0,0,0,1,0,20201002,20301002
27318195,0,0,0,0,0,1,0,20201002,20301002
27318196,0,0,0,0,0,1,0,20201002,20301002
27318197,0,0,0,0,0,1,0,20201002,20301002
27318198,0,0,0,0,0,1,0,20201002,20301002
27318199,0,0,0,0,0,1,0,20201002,20301002
27318200,0,0,0,0,0,1,0,20201002,20301002
27318201,0,0,0,0,0,1,0,20201002,20301002
27318202,0,0,0,0,0,1,0,20201002,20301002
27318203,0,0,0,0,0,1,0,20201002,20301002
27318204,0,0,0,0,0,1,0,20201002,20301002
27318205,0,0,0,0,0,1,0,20201002,20301002
27318206,0,0,0,0,0,1,0,20201002,20301002
27318207,0,0,0,0,0,1,0,20201002,20301002
27318208,0,0,0,0,0,1,0,20201002,20301002
27318209,0,0,0,0,0,1,0,20201002,20301002
27318210,0,0,0,0,0,1,0,20201002,20301002
27318211,0,0,0,0,0,1,0,20201002,20301002
27318212,0,0,0,0,0,1,0,20201002,20301002
27318213,0,0,0,0,0,1,0,20201002,20301002
27318214,0,0,0,0,0,1,0,20201002,20301002
27318215,0,0,0,0,0,1,0,20201002,20301002
27318216,0,0,0,0,0,1,0,20201002,20301002
27318217,0,0,0,0,0,1,0,20201002,20301002
27318218,0,0,0,0,0,1,0,20201002,20301002
27318141,0,0,0,0,0,1,0,20201002,20301002
27318142,0,0,0,0,0,1,0,20201002,20301002
27318143,0,0,0,0,0,1,0,20201002,20301002
27318144,0,0,0,0,0,1,0,20201002,20301002
27318145,0,0,0,0,0,1,0,20201002,20301002
27318146,0,0,0,0,0,1,0,20201002,20301002
27318147,0,0,0,0,0,1,0,20201002,20301002
27318148,0,0,0,0,0,1,0,20201002,20301002
27318149,0,0,0,0,0,1,0,20201002,20301002
27318150,0,0,0,0,0,1,0,20201002,20301002
27318151,0,0,0,0,0,1,0,20201002,20301002
27318152,0,0,0,0,0,1,0,20201002,20301002
27318153,0,0,0,0,0,1,0,20201002,20301002
27318154,0,0,0,0,0,1,0,20201002,20301002
27318155,0,0,0,0,0,1,0,20201002,20301002
27318156,0,0,0,0,0,1,0,20201002,20301002
27318157,0,0,0,0,0,1,0,20201002,20301002
27318158,0,0,0,0,0,1,0,20201002,20301002
27318159,0,0,0,0,0,1,0,20201002,20301002
27318160,0,0,0,0,0,1,0,20201002,20301002
27318161,0,0,0,0,0,1,0,20201002,20301002
27318162,0,0,0,0,0,1,0,20201002,20301002
27318163,0,0,0,0,0,1,0,20201002,20301002
27318164,0,0,0,0,0,1,0,20201002,20301002
27318165,0,0,0,0,0,1,0,20201002,20301002
27318166,0,0,0,0,0,1,0,20201002,20301002
27318167,0,0,0,0,0,1,0,20201002,20301002
27318168,0,0,0,0,0,1,0,20201002,20301002
27318169,0,0,0,0,0,1,0,20201002,20301002
27318170,0,0,0,0,0,1,0,20201002,20301002
27318171,0,0,0,0,0,1,0,20201002,20301002
27318172,0,0,0,0,0,1,0,20201002,20301002
27317948,0,0,0,0,0,0,1,20201002,20301002
27317949,0,0,0,0,0,0,1,20201002,20301002
27317950,0,0,0,0,0,0,1,20201002,20301002
27317951,0,0,0,0,0,0,1,20201002,20301002
27317952,0,0,0,0,0,0,1,20201002,20301002
27317953,0,0,0,0,0,0,1,20201002,20301002
27317954,0,0,0,0,0,0,1,20201002,20301002
27317955,0,0,0,0,0,0,1,20201002,20301002
27317956,0,0,0,0,0,0,1,20201002,20301002
27317957,0,0,0,0,0,0,1,20201002,20301002
27317958,0,0,0,0,0,0,1,20201002,20301002
27317959,0,0,0,0,0,0,1,20201002,20301002
27317960,0,0,0,0,0,0,1,20201002,20301002
27317961,0,0,0,0,0,0,1,20201002,20301002
27317962,0,0,0,0,0,0,1,20201002,20301002
27317963,0,0,0,0,0,0,1,20201002,20301002
27317964,0,0,0,0,0,0,1,20201002,20301002
27317965,0,0,0,0,0,0,1,20201002,20301002
27317966,0,0,0,0,0,0,1,20201002,20301002
27317967,0,0,0,0,0,0,1,20201002,20301002
27317968,0,0,0,0,0,0,1,20201002,20301002
27317969,0,0,0,0,0,0,1,20201002,20301002
27317970,0,0,0,0,0,0,1,20201002,20301002
27317971,0,0,0,0,0,0,1,20201002,20301002
27317972,0,0,0,0,0,0,1,20201002,20301002
27317973,0,0,0,0,0,0,1,20201002,20301002
27317974,0,0,0,0,0,0,1,20201002,20301002
27317975,0,0,0,0,0,0,1,20201002,20301002
27317976,0,0,0,0,0,0,1,20201002,20301002
27317977,0,0,0,0,0,0,1,20201002,20301002
27317978,0,0,0,0,0,0,1,20201002,20301002
27317979,0,0,0,0,0,0,1,20201002,20301002
27317980,0,0,0,0,0,0,1,20201002,20301002
27317981,0,0,0,0,0,0,1,20201002,20301002
27317982,0,0,0,0,0,0,1,20201002,20301002
27317983,0,0,0,0,0,0,1,20201002,20301002
27317984,0,0,0,0,0,0,1,20201002,20301002
27317985,0,0,0,0,0,0,1,20201002,20301002
27317986,0,0,0,0,0,0,1,20201002,20301002
27317987,0,0,0,0,0,0,1,20201002,20301002
27317988,0,0,0,0,0,0,1,20201002,20301002
27317989,0,0,0,0,0,0,1,20201002,20301002
27317990,0,0,0,0,0,0,1,20201002,20301002
27317991,0,0,0,0,0,0,1,20201002,20301002
27317992,0,0,0,0,0,0,1,20201002,20301002
27317993,0,0,0,0,0,0,1,20201002,20301002
27317994,0,0,0,0,0,0,1,20201002,20301002
27317995,0,0,0,0,0,0,1,20201002,20301002
27317996,0,0,0,0,0,0,1,20201002,20301002
27317997,0,0,0,0,0,0,1,20201002,20301002
27317998,0,0,0,0,0,0,1,20201002,20301002
27317999,0,0,0,0,0,0,1,20201002,20301002
27318000,0,0,0,0,0,0,1,20201002,20301002
27318001,0,0,0,0,0,0,1,20201002,20301002
27318002,0,0,0,0,0,0,1,20201002,20301002
27318003,0,0,0,0,0,0,1,20201002,20301002
27318004,0,0,0,0,0,0,1,20201002,20301002
27318005,0,0,0,0,0,0,1,20201002,20301002
27318277,1,1,1,1,1,0,0,20201002,20301002
27318278,1,1,1,1,1,0,0,20201002,20301002
27318279,1,1,1,1,1,0,0,20201002,20301002
27318280,1,1,1,1,1,0,0,20201002,20301002
27318281,1,1,1,1,1,0,0,20201002,20301002
27318282,1,1,1,1,1,0,0,20201002,20301002
27318283,1,1,1,1,1,0,0,20201002,20301002
27318284,1,1,1,1,1,0,0,20201002,20301002
27318285,1,1,1,1,1,0,0,20201002,20301002
27318286,1,1,1,1,1,0,0,20201002,20301002
27318287,1,1,1,1,1,0,0,20201002,20301002
27318288,1,1,1,1,1,0,0,20201002,20301002
27318289,1,1,1,1,1,0,0,20201002,20301002
27318290,1,1,1,1,1,0,0,20201002,20301002
27318291,1,1,1,1,1,0,0,20201002,20301002
27318292,1,1,1,1,1,0,0,20201002,20301002
27318293,1,1,1,1,1,0,0,20201002,20301002
27318294,1,1,1,1,1,0,0,20201002,20301002
27318295,1,1,1,1,1,0,0,20201002,20301002
27318296,1,1,1,1,1,0,0,20201002,20301002
27318297,1,1,1,1,1,0,0,20201002,20301002
27318298,1,1,1,1,1,0,0,20201002,20301002
27318299,1,1,1,1,1,0,0,20201002,20301002
27318300,1,1,1,1,1,0,0,20201002,20301002
27318301,1,1,1,1,1,0,0,20201002,20301002
27318302,1,1,1,1,1,0,0,20201002,20301002
27318303,1,1,1,1,1,0,0,20201002,20301002
27318304,1,1,1,1,1,0,0,20201002,20301002
27318305,1,1,1,1,1,0,0,20201002,20301002
27318306,1,1,1,1,1,0,0,20201002,20301002
27318307,1,1,1,1,1,0,0,20201002,20301002
27318308,1,1,1,1,1,0,0,20201002,20301002
27318309,1,1,1,1,1,0,0,20201002,20301002
27318310,1,1,1,1,1,0,0,20201002,20301002
27318311,1,1,1,1,1,0,0,20201002,20301002
27318312,1,1,1,1,1,0,0,20201002,20301002
27318313,1,1,1,1,1,0,0,20201002,20301002
27318314,1,1,1,1,1,0,0,20201002,20301002
27318315,1,1,1,1,1,0,0,20201002,20301002
27318316,1,1,1,1,1,0,0,20201002,20301002
27318317,1,1,1,1,1,0,0,20201002,20301002
27318318,1,1,1,1,1,0,0,20201002,20301002
27318319,1,1,1,1,1,0,0,20201002,20301002
27318320,1,1,1,1,1,0,0,20201002,20301002
27318321,1,1,1,1,1,0,0,20201002,20301002
27318322,1,1,1,1,1,0,0,20201002,20301002
27318323,1,1,1,1,1,0,0,20201002,20301002
27318324,1,1,1,1,1,0,0,20201002,20301002
27318325,1,1,1,1,1,0,0,20201002,20301002
27318326,1,1,1,1,1,0,0,20201002,20301002
27318327,1,1,1,1,1,0,0,20201002,20301002
27318328,1,1,1,1,1,0,0,20201002,20301002
27318329,1,1,1,1,1,0,0,20201002,20301002
27318330,1,1,1,1,1,0,0,20201002,20301002
27318331,1,1,1,1,1,0,0,20201002,20301002
27318332,1,1,1,1,1,0,0,20201002,20301002
27318333,1,1,1,1,1,0,0,20201002,20301002
27318334,1,1,1,1,1,0,0,20201002,20301002
27318335,1,1,1,1,1,0,0,20201002,20301002
27318336,1,1,1,1,1,0,0,20201002,20301002
27318337,1,1,1,1,1,0,0,20201002,20301002
27318338,1,1,1,1,1,0,0,20201002,20301002
27318339,1,1,1,1,1,0,0,20201002,20301002
27318340,1,1,1,1,1,0,0,20201002,20301002
27318341,1,1,1,1,1,0,0,20201002,20301002
27318342,1,1,1,1,1,0,0,20201002,20301002
27318343,1,1,1,1,1,0,0,20201002,20301002
27318344,1,1,1,1,1,0,0,20201002,20301002
27318345,1,1,1,1,1,0,0,20201002,20301002
27318346,1,1,1,1,1,0,0,20201002,20301002
27318347,1,1,1,1,1,0,0,20201002,20301002
27318348,1,1,1,1,1,0,0,20201002,20301002
27318349,1,1,1,1,1,0,0,20201002,20301002
27318350,1,1,1,1,1,0,0,20201002,20301002
27318351,1,1,1,1,1,0,0,20201002,20301002
27318352,1,1,1,1,1,0,0,20201002,20301002
27318353,1,1,1,1,1,0,0,20201002,20301002
27318354,1,1,1,1,1,0,0,20201002,20301002
27318355,1,1,1,1,1,0,0,20201002,20301002
27318356,1,1,1,1,1,0,0,20201002,20301002
27318357,1,1,1,1,1,0,0,20201002,20301002
27318358,1,1,1,1,1,0,0,20201002,20301002
27318359,1,1,1,1,1,0,0,20201002,20301002
27318360,1,1,1,1,1,0,0,20201002,20301002
27318361,1,1,1,1,1,0,0,20201002,20301002
27318362,1,1,1,1,1,0,0,20201002,20301002
27318363,1,1,1,1,1,0,0,20201002,20301002
27318364,1,1,1,1,1,0,0,20201002,20301002
27318365,1,1,1,1,1,0,0,20201002,20301002
27318366,1,1,1,1,1,0,0,20201002,20301002
27318367,1,1,1,1,1,0,0,20201002,20301002
27318368,1,1,1,1,1,0,0,20201002,20301002
27318369,1,1,1,1,1,0,0,20201002,20301002
27318370,1,1,1,1,1,0,0,20201002,20301002
27318371,1,1,1,1,1,0,0,20201002,20301002
27318372,1,1,1,1,1,0,0,20201002,20301002
27318373,1,1,1,1,1,0,0,20201002,20301002
27318374,1,1,1,1,1,0,0,20201002,20301002
27318375,1,1,1,1,1,0,0,20201002,20301002
27318376,1,1,1,1,1,0,0,20201002,20301002
27318377,1,1,1,1,1,0,0,20201002,20301002
27318378,1,1,1,1,1,0,0,20201002,20301002
27318379,1,1,1,1,1,0,0,20201002,20301002
27318380,1,1,1,1,1,0,0,20201002,20301002
27318381,1,1,1,1,1,0,0,20201002,20301002
27318382,1,1,1,1,1,0,0,20201002,20301002
27318383,1,1,1,1,1,0,0,20201002,20301002
27318384,1,1,1,1,1,0,0,20201002,20301002
27318385,1,1,1,1,1,0,0,20201002,20301002
27318386,1,1,1,1,1,0,0,20201002,20301002
27318387,1,1,1,1,1,0,0,20201002,20301002
27318388,1,1,1,1,1,0,0,20201002,20301002
27318389,1,1,1,1,1,0,0,20201002,20301002
27318390,1,1,1,1,1,0,0,20201002,20301002
27318391,1,1,1,1,1,0,0,20201002,20301002
27318392,1,1,1,1,1,0,0,20201002,20301002
27318393,1,1,1,1,1,0,0,20201002,20301002
27318394,1,1,1,1,1,0,0,20201002,20301002
27318395,1,1,1,1,1,0,0,20201002,20301002
27318396,1,1,1,1,1,0,0,20201002,20301002
27318397,1,1,1,1,1,0,0,20201002,20301002
27318398,1,1,1,1,1,0,0,20201002,20301002
27318399,1,1,1,1,1,0,0,20201002,20301002
27318400,1,1,1,1,1,0,0,20201002,20301002
27318401,1,1,1,1,1,0,0,20201002,20301002
27318402,1,1,1,1,1,0,0,20201002,20301002
27318403,1,1,1,1,1,0,0,20201002,20301002
27318404,1,1,1,1,1,0,0,20201002,20301002
27318405,1,1,1,1,1,0,0,20201002,20301002
27318406,1,1,1,1,1,0,0,20201002,20301002
27318407,1,1,1,1,1,0,0,20201002,20301002
27318408,1,1,1,1,1,0,0,20201002,20301002
27318409,1,1,1,1,1,0,0,20201002,20301002
27318410,1,1,1,1,1,0,0,20201002,20301002
27318411,0,0,0,0,0,1,0,20201002,20301002
27318412,0,0,0,0,0,1,0,20201002,20301002
27318413,0,0,0,0,0,1,0,20201002,20301002
27318414,0,0,0,0,0,1,0,20201002,20301002
27318415,0,0,0,0,0,1,0,20201002,20301002
27318416,0,0,0,0,0,1,0,20201002,20301002
27318417,0,0,0,0,0,1,0,20201002,20301002
27318418,0,0,0,0,0,1,0,20201002,20301002
27318419,0,0,0,0,0,1,0,20201002,20301002
27318420,0,0,0,0,0,1,0,20201002,20301002
27318421,0,0,0,0,0,1,0,20201002,20301002
27318422,0,0,0,0,0,1,0,20201002,20301002
27318423,0,0,0,0,0,1,0,20201002,20301002
27318424,0,0,0,0,0,1,0,20201002,20301002
27318425,0,0,0,0,0,1,0,20201002,20301002
27318426,0,0,0,0,0,1,0,20201002,20301002
27318427,0,0,0,0,0,1,0,20201002,20301002
27318428,0,0,0,0,0,1,0,20201002,20301002
27318429,0,0,0,0,0,1,0,20201002,20301002
27318430,0,0,0,0,0,1,0,20201002,20301002
27318431,0,0,0,0,0,1,0,20201002,20301002
27318432,0,0,0,0,0,1,0,20201002,20301002
27318433,0,0,0,0,0,1,0,20201002,20301002
27318434,0,0,0,0,0,1,0,20201002,20301002
27318435,0,0,0,0,0,1,0,20201002,20301002
27318436,0,0,0,0,0,1,0,20201002,20301002
27318437,0,0,0,0,0,1,0,20201002,20301002
27318438,0,0,0,0,0,1,0,20201002,20301002
27318439,0,0,0,0,0,1,0,20201002,20301002
27318440,0,0,0,0,0,1,0,20201002,20301002
27318441,0,0,0,0,0,1,0,20201002,20301002
27318442,0,0,0,0,0,1,0,20201002,20301002
27318443,0,0,0,0,0,1,0,20201002,20301002
27318444,0,0,0,0,0,1,0,20201002,20301002
27318445,0,0,0,0,0,1,0,20201002,20301002
27318446,0,0,0,0,0,1,0,20201002,20301002
27318447,0,0,0,0,0,1,0,20201002,20301002
27318448,0,0,0,0,0,1,0,20201002,20301002
27318449,0,0,0,0,0,1,0,20201002,20301002
27318450,0,0,0,0,0,1,0,20201002,20301002
27318451,0,0,0,0,0,1,0,20201002,20301002
27318452,0,0,0,0,0,1,0,20201002,20301002
27318453,0,0,0,0,0,1,0,20201002,20301002
27318454,0,0,0,0,0,1,0,20201002,20301002
27318455,0,0,0,0,0,1,0,20201002,20301002
27318456,0,0,0,0,0,1,0,20201002,20301002
27318457,0,0,0,0,0,1,0,20201002,20301002
27318458,0,0,0,0,0,1,0,20201002,20301002
27318459,0,0,0,0,0,1,0,20201002,20301002
27318460,0,0,0,0,0,1,0,20201002,20301002
27318461,0,0,0,0,0,1,0,20201002,20301002
27318462,0,0,0,0,0,1,0,20201002,20301002
27318463,0,0,0,0,0,1,0,20201002,20301002
27318464,0,0,0,0,0,1,0,20201002,20301002
27318465,0,0,0,0,0,1,0,20201002,20301002
27318466,0,0,0,0,0,1,0,20201002,20301002
27318467,0,0,0,0,0,1,0,20201002,20301002
27318468,0,0,0,0,0,1,0,20201002,20301002
27318469,0,0,0,0,0,1,0,20201002,20301002
27318470,0,0,0,0,0,1,0,20201002,20301002
27318471,0,0,0,0,0,1,0,20201002,20301002
27318472,0,0,0,0,0,1,0,20201002,20301002
27318473,0,0,0,0,0,1,0,20201002,20301002
27318474,0,0,0,0,0,1,0,20201002,20301002
27318475,0,0,0,0,0,1,0,20201002,20301002
27318476,0,0,0,0,0,1,0,20201002,20301002
27318477,0,0,0,0,0,1,0,20201002,20301002
27318478,0,0,0,0,0,1,0,20201002,20301002
27318479,0,0,0,0,0,1,0,20201002,20301002
27318480,0,0,0,0,0,1,0,20201002,20301002
27318481,0,0,0,0,0,1,0,20201002,20301002
27318482,0,0,0,0,0,1,0,20201002,20301002
27318483,0,0,0,0,0,1,0,20201002,20301002
27318484,0,0,0,0,0,1,0,20201002,20301002
27318485,0,0,0,0,0,1,0,20201002,20301002
27318486,0,0,0,0,0,1,0,20201002,20301002
27318487,0,0,0,0,0,1,0,20201002,20301002
27318488,0,0,0,0,0,1,0,20201002,20301002
27318273,0,0,0,0,0,0,1,20201002,20301002
27318274,0,0,0,0,0,0,1,20201002,20301002
27318275,0,0,0,0,0,0,1,20201002,20301002
27318276,0,0,0,0,0,0,1,20201002,20301002
27318230,0,0,0,0,0,0,1,20201002,20301002
27318231,0,0,0,0,0,0,1,20201002,20301002
27318232,0,0,0,0,0,0,1,20201002,20301002
27318233,0,0,0,0,0,0,1,20201002,20301002
27318234,0,0,0,0,0,0,1,20201002,20301002
27318235,0,0,0,0,0,0,1,20201002,20301002
27318236,0,0,0,0,0,0,1,20201002,20301002
27318237,0,0,0,0,0,0,1,20201002,20301002
27318238,0,0,0,0,0,0,1,20201002,20301002
27318239,0,0,0,0,0,0,1,20201002,20301002
27318240,0,0,0,0,0,0,1,20201002,20301002
27318241,0,0,0,0,0,0,1,20201002,20301002
27318242,0,0,0,0,0,0,1,20201002,20301002
27318243,0,0,0,0,0,0,1,20201002,20301002
27318244,0,0,0,0,0,0,1,20201002,20301002
27318245,0,0,0,0,0,0,1,20201002,20301002
27318246,0,0,0,0,0,0,1,20201002,20301002
27318247,0,0,0,0,0,0,1,20201002,20301002
27318248,0,0,0,0,0,0,1,20201002,20301002
27318249,0,0,0,0,0,0,1,20201002,20301002
27318250,0,0,0,0,0,0,1,20201002,20301002
27318251,0,0,0,0,0,0,1,20201002,20301002
27318252,0,0,0,0,0,0,1,20201002,20301002
27318253,0,0,0,0,0,0,1,20201002,20301002
27318254,0,0,0,0,0,0,1,20201002,20301002
27318255,0,0,0,0,0,0,1,20201002,20301002
27318256,0,0,0,0,0,0,1,20201002,20301002
27318257,0,0,0,0,0,0,1,20201002,20301002
27318258,0,0,0,0,0,0,1,20201002,20301002
27318259,0,0,0,0,0,0,1,20201002,20301002
27318260,0,0,0,0,0,0,1,20201002,20301002
27318261,0,0,0,0,0,0,1,20201002,20301002
27318262,0,0,0,0,0,0,1,20201002,20301002
27318263,0,0,0,0,0,0,1,20201002,20301002
27318264,0,0,0,0,0,0,1,20201002,20301002
27318265,0,0,0,0,0,0,1,20201002,20301002
27318266,0,0,0,0,0,0,1,20201002,20301002
27318267,0,0,0,0,0,0,1,20201002,20301002
27318268,0,0,0,0,0,0,1,20201002,20301002
27318269,0,0,0,0,0,0,1,20201002,20301002
27318270,0,0,0,0,0,0,1,20201002,20301002
27318271,0,0,0,0,0,0,1,20201002,20301002
27318272,0,0,0,0,0,0,1,20201002,20301002
27318219,0,0,0,0,0,0,1,20201002,20301002
27318220,0,0,0,0,0,0,1,20201002,20301002
27318221,0,0,0,0,0,0,1,20201002,20301002
27318222,0,0,0,0,0,0,1,20201002,20301002
27318223,0,0,0,0,0,0,1,20201002,20301002
27318224,0,0,0,0,0,0,1,20201002,20301002
27318225,0,0,0,0,0,0,1,20201002,20301002
27318226,0,0,0,0,0,0,1,20201002,20301002
27318227,0,0,0,0,0,0,1,20201002,20301002
27318228,0,0,0,0,0,0,1,20201002,20301002
27318229,0,0,0,0,0,0,1,20201002,20301002
27318624,1,1,1,1,1,0,0,20201002,20301002
27318625,1,1,1,1,1,0,0,20201002,20301002
27318626,1,1,1,1,1,0,0,20201002,20301002
27318627,1,1,1,1,1,0,0,20201002,20301002
27318628,1,1,1,1,1,0,0,20201002,20301002
27318629,1,1,1,1,1,0,0,20201002,20301002
27318630,1,1,1,1,1,0,0,20201002,20301002
27318631,1,1,1,1,1,0,0,20201002,20301002
27318632,1,1,1,1,1,0,0,20201002,20301002
27318633,1,1,1,1,1,0,0,20201002,20301002
27318634,1,1,1,1,1,0,0,20201002,20301002
27318635,1,1,1,1,1,0,0,20201002,20301002
27318636,1,1,1,1,1,0,0,20201002,20301002
27318637,1,1,1,1,1,0,0,20201002,20301002
27318638,1,1,1,1,1,0,0,20201002,20301002
27318639,1,1,1,1,1,0,0,20201002,20301002
27318547,1,1,1,1,1,0,0,20201002,20301002
27318548,1,1,1,1,1,0,0,20201002,20301002
27318549,1,1,1,1,1,0,0,20201002,20301002
27318550,1,1,1,1,1,0,0,20201002,20301002
27318551,1,1,1,1,1,0,0,20201002,20301002
27318552,1,1,1,1,1,0,0,20201002,20301002
27318553,1,1,1,1,1,0,0,20201002,20301002
27318554,1,1,1,1,1,0,0,20201002,20301002
27318555,1,1,1,1,1,0,0,20201002,20301002
27318556,1,1,1,1,1,0,0,20201002,20301002
27318557,1,1,1,1,1,0,0,20201002,20301002
27318558,1,1,1,1,1,0,0,20201002,20301002
27318559,1,1,1,1,1,0,0,20201002,20301002
27318560,1,1,1,1,1,0,0,20201002,20301002
27318561,1,1,1,1,1,0,0,20201002,20301002
27318562,1,1,1,1,1,0,0,20201002,20301002
27318563,1,1,1,1,1,0,0,20201002,20301002
27318564,1,1,1,1,1,0,0,20201002,20301002
27318565,1,1,1,1,1,0,0,20201002,20301002
27318566,1,1,1,1,1,0,0,20201002,20301002
27318567,1,1,1,1,1,0,0,20201002,20301002
27318568,1,1,1,1,1,0,0,20201002,20301002
27318569,1,1,1,1,1,0,0,20201002,20301002
27318570,1,1,1,1,1,0,0,20201002,20301002
27318571,1,1,1,1,1,0,0,20201002,20301002
27318572,1,1,1,1,1,0,0,20201002,20301002
27318573,1,1,1,1,1,0,0,20201002,20301002
27318574,1,1,1,1,1,0,0,20201002,20301002
27318575,1,1,1,1,1,0,0,20201002,20301002
27318576,1,1,1,1,1,0,0,20201002,20301002
27318577,1,1,1,1,1,0,0,20201002,20301002
27318578,1,1,1,1,1,0,0,20201002,20301002
27318579,1,1,1,1,1,0,0,20201002,20301002
27318580,1,1,1,1,1,0,0,20201002,20301002
27318581,1,1,1,1,1,0,0,20201002,20301002
27318582,1,1,1,1,1,0,0,20201002,20301002
27318583,1,1,1,1,1,0,0,20201002,20301002
27318584,1,1,1,1,1,0,0,20201002,20301002
27318585,1,1,1,1,1,0,0,20201002,20301002
27318586,1,1,1,1,1,0,0,20201002,20301002
27318587,1,1,1,1,1,0,0,20201002,20301002
27318588,1,1,1,1,1,0,0,20201002,20301002
27318589,1,1,1,1,1,0,0,20201002,20301002
27318590,1,1,1,1,1,0,0,20201002,20301002
27318591,1,1,1,1,1,0,0,20201002,20301002
27318592,1,1,1,1,1,0,0,20201002,20301002
27318593,1,1,1,1,1,0,0,20201002,20301002
27318594,1,1,1,1,1,0,0,20201002,20301002
27318595,1,1,1,1,1,0,0,20201002,20301002
27318596,1,1,1,1,1,0,0,20201002,20301002
27318597,1,1,1,1,1,0,0,20201002,20301002
27318598,1,1,1,1,1,0,0,20201002,20301002
27318599,1,1,1,1,1,0,0,20201002,20301002
27318600,1,1,1,1,1,0,0,20201002,20301002
27318601,1,1,1,1,1,0,0,20201002,20301002
27318602,1,1,1,1,1,0,0,20201002,20301002
27318603,1,1,1,1,1,0,0,20201002,20301002
27318604,1,1,1,1,1,0,0,20201002,20301002
27318605,1,1,1,1,1,0,0,20201002,20301002
27318606,1,1,1,1,1,0,0,20201002,20301002
27318607,1,1,1,1,1,0,0,20201002,20301002
27318608,1,1,1,1,1,0,0,20201002,20301002
27318609,1,1,1,1,1,0,0,20201002,20301002
27318610,1,1,1,1,1,0,0,20201002,20301002
27318611,1,1,1,1,1,0,0,20201002,20301002
27318612,1,1,1,1,1,0,0,20201002,20301002
27318613,1,1,1,1,1,0,0,20201002,20301002
27318614,1,1,1,1,1,0,0,20201002,20301002
27318615,1,1,1,1,1,0,0,20201002,20301002
27318616,1,1,1,1,1,0,0,20201002,20301002
27318617,1,1,1,1,1,0,0,20201002,20301002
27318618,1,1,1,1,1,0,0,20201002,20301002
27318619,1,1,1,1,1,0,0,20201002,20301002
27318620,1,1,1,1,1,0,0,20201002,20301002
27318621,1,1,1,1,1,0,0,20201002,20301002
27318622,1,1,1,1,1,0,0,20201002,20301002
27318623,1,1,1,1,1,0,0,20201002,20301002
27318640,0,0,0,0,0,1,0,20201002,20301002
27318641,0,0,0,0,0,1,0,20201002,20301002
27318642,0,0,0,0,0,1,0,20201002,20301002
27318643,0,0,0,0,0,1,0,20201002,20301002
27318644,0,0,0,0,0,1,0,20201002,20301002
27318645,0,0,0,0,0,1,0,20201002,20301002
27318646,0,0,0,0,0,1,0,20201002,20301002
27318647,0,0,0,0,0,1,0,20201002,20301002
27318648,0,0,0,0,0,1,0,20201002,20301002
27318649,0,0,0,0,0,1,0,20201002,20301002
27318650,0,0,0,0,0,1,0,20201002,20301002
27318651,0,0,0,0,0,1,0,20201002,20301002
27318652,0,0,0,0,0,1,0,20201002,20301002
27318653,0,0,0,0,0,1,0,20201002,20301002
27318654,0,0,0,0,0,1,0,20201002,20301002
27318655,0,0,0,0,0,1,0,20201002,20301002
27318656,0,0,0,0,0,1,0,20201002,20301002
27318657,0,0,0,0,0,1,0,20201002,20301002
27318658,0,0,0,0,0,1,0,20201002,20301002
27318659,0,0,0,0,0,1,0,20201002,20301002
27318660,0,0,0,0,0,1,0,20201002,20301002
27318661,0,0,0,0,0,1,0,20201002,20301002
27318662,0,0,0,0,0,1,0,20201002,20301002
27318663,0,0,0,0,0,1,0,20201002,20301002
27318664,0,0,0,0,0,1,0,20201002,20301002
27318665,0,0,0,0,0,1,0,20201002,20301002
27318666,0,0,0,0,0,1,0,20201002,20301002
27318667,0,0,0,0,0,1,0,20201002,20301002
27318668,0,0,0,0,0,1,0,20201002,20301002
27318669,0,0,0,0,0,1,0,20201002,20301002
27318670,0,0,0,0,0,1,0,20201002,20301002
27318671,0,0,0,0,0,1,0,20201002,20301002
27318672,0,0,0,0,0,1,0,20201002,20301002
27318673,0,0,0,0,0,1,0,20201002,20301002
27318674,0,0,0,0,0,1,0,20201002,20301002
27318675,0,0,0,0,0,1,0,20201002,20301002
27318676,0,0,0,0,0,1,0,20201002,20301002
27318677,0,0,0,0,0,1,0,20201002,20301002
27318678,0,0,0,0,0,1,0,20201002,20301002
27318679,0,0,0,0,0,1,0,20201002,20301002
27318680,0,0,0,0,0,1,0,20201002,20301002
27318681,0,0,0,0,0,1,0,20201002,20301002
27318682,0,0,0,0,0,1,0,20201002,20301002
27318683,0,0,0,0,0,1,0,20201002,20301002
27318684,0,0,0,0,0,1,0,20201002,20301002
27318685,0,0,0,0,0,1,0,20201002,20301002
27318686,0,0,0,0,0,1,0,20201002,20301002
27318687,0,0,0,0,0,1,0,20201002,20301002
27318688,0,0,0,0,0,1,0,20201002,20301002
27318689,0,0,0,0,0,1,0,20201002,20301002
27318690,0,0,0,0,0,1,0,20201002,20301002
27318691,0,0,0,0,0,1,0,20201002,20301002
27318692,0,0,0,0,0,1,0,20201002,20301002
27318693,0,0,0,0,0,1,0,20201002,20301002
27318694,0,0,0,0,0,1,0,20201002,20301002
27318695,0,0,0,0,0,1,0,20201002,20301002
27318696,0,0,0,0,0,1,0,20201002,20301002
27318697,0,0,0,0,0,1,0,20201002,20301002
27318698,0,0,0,0,0,1,0,20201002,20301002
27318699,0,0,0,0,0,1,0,20201002,20301002
27318700,0,0,0,0,0,1,0,20201002,20301002
27318701,0,0,0,0,0,1,0,20201002,20301002
27318702,0,0,0,0,0,1,0,20201002,20301002
27318703,0,0,0,0,0,1,0,20201002,20301002
27318704,0,0,0,0,0,1,0,20201002,20301002
27318705,0,0,0,0,0,1,0,20201002,20301002
27318706,0,0,0,0,0,1,0,20201002,20301002
27318707,0,0,0,0,0,1,0,20201002,20301002
27318708,0,0,0,0,0,1,0,20201002,20301002
27318709,0,0,0,0,0,1,0,20201002,20301002
27318710,0,0,0,0,0,1,0,20201002,20301002
27318711,0,0,0,0,0,1,0,20201002,20301002
27318712,0,0,0,0,0,1,0,20201002,20301002
27318713,0,0,0,0,0,1,0,20201002,20301002
27318714,0,0,0,0,0,1,0,20201002,20301002
27318715,0,0,0,0,0,1,0,20201002,20301002
27318716,0,0,0,0,0,1,0,20201002,20301002
27318717,0,0,0,0,0,1,0,20201002,20301002
27318489,0,0,0,0,0,0,1,20201002,20301002
27318490,0,0,0,0,0,0,1,20201002,20301002
27318491,0,0,0,0,0,0,1,20201002,20301002
27318492,0,0,0,0,0,0,1,20201002,20301002
27318493,0,0,0,0,0,0,1,20201002,20301002
27318494,0,0,0,0,0,0,1,20201002,20301002
27318495,0,0,0,0,0,0,1,20201002,20301002
27318496,0,0,0,0,0,0,1,20201002,20301002
27318497,0,0,0,0,0,0,1,20201002,20301002
27318498,0,0,0,0,0,0,1,20201002,20301002
27318499,0,0,0,0,0,0,1,20201002,20301002
27318500,0,0,0,0,0,0,1,20201002,20301002
27318501,0,0,0,0,0,0,1,20201002,20301002
27318502,0,0,0,0,0,0,1,20201002,20301002
27318503,0,0,0,0,0,0,1,20201002,20301002
27318504,0,0,0,0,0,0,1,20201002,20301002
27318505,0,0,0,0,0,0,1,20201002,20301002
27318506,0,0,0,0,0,0,1,20201002,20301002
27318507,0,0,0,0,0,0,1,20201002,20301002
27318508,0,0,0,0,0,0,1,20201002,20301002
27318509,0,0,0,0,0,0,1,20201002,20301002
27318510,0,0,0,0,0,0,1,20201002,20301002
27318511,0,0,0,0,0,0,1,20201002,20301002
27318512,0,0,0,0,0,0,1,20201002,20301002
27318513,0,0,0,0,0,0,1,20201002,20301002
27318514,0,0,0,0,0,0,1,20201002,20301002
27318515,0,0,0,0,0,0,1,20201002,20301002
27318516,0,0,0,0,0,0,1,20201002,20301002
27318517,0,0,0,0,0,0,1,20201002,20301002
27318518,0,0,0,0,0,0,1,20201002,20301002
27318519,0,0,0,0,0,0,1,20201002,20301002
27318520,0,0,0,0,0,0,1,20201002,20301002
27318521,0,0,0,0,0,0,1,20201002,20301002
27318522,0,0,0,0,0,0,1,20201002,20301002
27318523,0,0,0,0,0,0,1,20201002,20301002
27318524,0,0,0,0,0,0,1,20201002,20301002
27318525,0,0,0,0,0,0,1,20201002,20301002
27318526,0,0,0,0,0,0,1,20201002,20301002
27318527,0,0,0,0,0,0,1,20201002,20301002
27318528,0,0,0,0,0,0,1,20201002,20301002
27318529,0,0,0,0,0,0,1,20201002,20301002
27318530,0,0,0,0,0,0,1,20201002,20301002
27318531,0,0,0,0,0,0,1,20201002,20301002
27318532,0,0,0,0,0,0,1,20201002,20301002
27318533,0,0,0,0,0,0,1,20201002,20301002
27318534,0,0,0,0,0,0,1,20201002,20301002
27318535,0,0,0,0,0,0,1,20201002,20301002
27318536,0,0,0,0,0,0,1,20201002,20301002
27318537,0,0,0,0,0,0,1,20201002,20301002
27318538,0,0,0,0,0,0,1,20201002,20301002
27318539,0,0,0,0,0,0,1,20201002,20301002
27318540,0,0,0,0,0,0,1,20201002,20301002
27318541,0,0,0,0,0,0,1,20201002,20301002
27318542,0,0,0,0,0,0,1,20201002,20301002
27318543,0,0,0,0,0,0,1,20201002,20301002
27318544,0,0,0,0,0,0,1,20201002,20301002
27318545,0,0,0,0,0,0,1,20201002,20301002
27318546,0,0,0,0,0,0,1,20201002,20301002
27318777,1,1,1,1,1,0,0,20201002,20301002
27318846,1,1,1,1,1,0,0,20201002,20301002
27318813,1,1,1,1,1,0,0,20201002,20301002
27318814,1,1,1,1,1,0,0,20201002,20301002
27318815,1,1,1,1,1,0,0,20201002,20301002
27318816,1,1,1,1,1,0,0,20201002,20301002
27318817,1,1,1,1,1,0,0,20201002,20301002
27318818,1,1,1,1,1,0,0,20201002,20301002
27318819,1,1,1,1,1,0,0,20201002,20301002
27318820,1,1,1,1,1,0,0,20201002,20301002
27318821,1,1,1,1,1,0,0,20201002,20301002
27318822,1,1,1,1,1,0,0,20201002,20301002
27318823,1,1,1,1,1,0,0,20201002,20301002
27318824,1,1,1,1,1,0,0,20201002,20301002
27318825,1,1,1,1,1,0,0,20201002,20301002
27318826,1,1,1,1,1,0,0,20201002,20301002
27318827,1,1,1,1,1,0,0,20201002,20301002
27318828,1,1,1,1,1,0,0,20201002,20301002
27318829,1,1,1,1,1,0,0,20201002,20301002
27318830,1,1,1,1,1,0,0,20201002,20301002
27318831,1,1,1,1,1,0,0,20201002,20301002
27318832,1,1,1,1,1,0,0,20201002,20301002
27318833,1,1,1,1,1,0,0,20201002,20301002
27318834,1,1,1,1,1,0,0,20201002,20301002
27318835,1,1,1,1,1,0,0,20201002,20301002
27318836,1,1,1,1,1,0,0,20201002,20301002
27318837,1,1,1,1,1,0,0,20201002,20301002
27318838,1,1,1,1,1,0,0,20201002,20301002
27318839,1,1,1,1,1,0,0,20201002,20301002
27318840,1,1,1,1,1,0,0,20201002,20301002
27318841,1,1,1,1,1,0,0,20201002,20301002
27318842,1,1,1,1,1,0,0,20201002,20301002
27318843,1,1,1,1,1,0,0,20201002,20301002
27318844,1,1,1,1,1,0,0,20201002,20301002
27318845,1,1,1,1,1,0,0,20201002,20301002
27318776,1,1,1,1,1,0,0,20201002,20301002
27318778,1,1,1,1,1,0,0,20201002,20301002
27318779,1,1,1,1,1,0,0,20201002,20301002
27318780,1,1,1,1,1,0,0,20201002,20301002
27318781,1,1,1,1,1,0,0,20201002,20301002
27318782,1,1,1,1,1,0,0,20201002,20301002
27318783,1,1,1,1,1,0,0,20201002,20301002
27318784,1,1,1,1,1,0,0,20201002,20301002
27318785,1,1,1,1,1,0,0,20201002,20301002
27318786,1,1,1,1,1,0,0,20201002,20301002
27318787,1,1,1,1,1,0,0,20201002,20301002
27318788,1,1,1,1,1,0,0,20201002,20301002
27318789,1,1,1,1,1,0,0,20201002,20301002
27318790,1,1,1,1,1,0,0,20201002,20301002
27318791,1,1,1,1,1,0,0,20201002,20301002
27318792,1,1,1,1,1,0,0,20201002,20301002
27318793,1,1,1,1,1,0,0,20201002,20301002
27318794,1,1,1,1,1,0,0,20201002,20301002
27318795,1,1,1,1,1,0,0,20201002,20301002
27318796,1,1,1,1,1,0,0,20201002,20301002
27318797,1,1,1,1,1,0,0,20201002,20301002
27318798,1,1,1,1,1,0,0,20201002,20301002
27318799,1,1,1,1,1,0,0,20201002,20301002
27318800,1,1,1,1,1,0,0,20201002,20301002
27318801,1,1,1,1,1,0,0,20201002,20301002
27318802,1,1,1,1,1,0,0,20201002,20301002
27318803,1,1,1,1,1,0,0,20201002,20301002
27318804,1,1,1,1,1,0,0,20201002,20301002
27318805,1,1,1,1,1,0,0,20201002,20301002
27318806,1,1,1,1,1,0,0,20201002,20301002
27318807,1,1,1,1,1,0,0,20201002,20301002
27318808,1,1,1,1,1,0,0,20201002,20301002
27318809,1,1,1,1,1,0,0,20201002,20301002
27318810,1,1,1,1,1,0,0,20201002,20301002
27318811,1,1,1,1,1,0,0,20201002,20301002
27318812,1,1,1,1,1,0,0,20201002,20301002
27318847,1,1,1,1,1,0,0,20201002,20301002
27318848,1,1,1,1,1,0,0,20201002,20301002
27318849,1,1,1,1,1,0,0,20201002,20301002
27318851,1,1,1,1,1,0,0,20201002,20301002
27318852,1,1,1,1,1,0,0,20201002,20301002
27318853,1,1,1,1,1,0,0,20201002,20301002
27318854,1,1,1,1,1,0,0,20201002,20301002
27318855,1,1,1,1,1,0,0,20201002,20301002
27318856,1,1,1,1,1,0,0,20201002,20301002
27318857,1,1,1,1,1,0,0,20201002,20301002
27318858,1,1,1,1,1,0,0,20201002,20301002
27318859,1,1,1,1,1,0,0,20201002,20301002
27318860,1,1,1,1,1,0,0,20201002,20301002
27318861,1,1,1,1,1,0,0,20201002,20301002
27318862,1,1,1,1,1,0,0,20201002,20301002
27318863,1,1,1,1,1,0,0,20201002,20301002
27318864,1,1,1,1,1,0,0,20201002,20301002
27318865,1,1,1,1,1,0,0,20201002,20301002
27318866,1,1,1,1,1,0,0,20201002,20301002
27318867,1,1,1,1,1,0,0,20201002,20301002
27318868,1,1,1,1,1,0,0,20201002,20301002
27318850,1,1,1,1,1,0,0,20201002,20301002
27318911,0,0,0,0,0,1,0,20201002,20301002
27318869,0,0,0,0,0,1,0,20201002,20301002
27318870,0,0,0,0,0,1,0,20201002,20301002
27318871,0,0,0,0,0,1,0,20201002,20301002
27318872,0,0,0,0,0,1,0,20201002,20301002
27318873,0,0,0,0,0,1,0,20201002,20301002
27318874,0,0,0,0,0,1,0,20201002,20301002
27318875,0,0,0,0,0,1,0,20201002,20301002
27318912,0,0,0,0,0,1,0,20201002,20301002
27318913,0,0,0,0,0,1,0,20201002,20301002
27318914,0,0,0,0,0,1,0,20201002,20301002
27318915,0,0,0,0,0,1,0,20201002,20301002
27318916,0,0,0,0,0,1,0,20201002,20301002
27318917,0,0,0,0,0,1,0,20201002,20301002
27318918,0,0,0,0,0,1,0,20201002,20301002
27318919,0,0,0,0,0,1,0,20201002,20301002
27318920,0,0,0,0,0,1,0,20201002,20301002
27318921,0,0,0,0,0,1,0,20201002,20301002
27318922,0,0,0,0,0,1,0,20201002,20301002
27318923,0,0,0,0,0,1,0,20201002,20301002
27318924,0,0,0,0,0,1,0,20201002,20301002
27318925,0,0,0,0,0,1,0,20201002,20301002
27318926,0,0,0,0,0,1,0,20201002,20301002
27318927,0,0,0,0,0,1,0,20201002,20301002
27318928,0,0,0,0,0,1,0,20201002,20301002
27318929,0,0,0,0,0,1,0,20201002,20301002
27318930,0,0,0,0,0,1,0,20201002,20301002
27318931,0,0,0,0,0,1,0,20201002,20301002
27318932,0,0,0,0,0,1,0,20201002,20301002
27318933,0,0,0,0,0,1,0,20201002,20301002
27318934,0,0,0,0,0,1,0,20201002,20301002
27318935,0,0,0,0,0,1,0,20201002,20301002
27318936,0,0,0,0,0,1,0,20201002,20301002
27318937,0,0,0,0,0,1,0,20201002,20301002
27318938,0,0,0,0,0,1,0,20201002,20301002
27318939,0,0,0,0,0,1,0,20201002,20301002
27318940,0,0,0,0,0,1,0,20201002,20301002
27318941,0,0,0,0,0,1,0,20201002,20301002
27318942,0,0,0,0,0,1,0,20201002,20301002
27318943,0,0,0,0,0,1,0,20201002,20301002
27318944,0,0,0,0,0,1,0,20201002,20301002
27318945,0,0,0,0,0,1,0,20201002,20301002
27318946,0,0,0,0,0,1,0,20201002,20301002
27318877,0,0,0,0,0,1,0,20201002,20301002
27318878,0,0,0,0,0,1,0,20201002,20301002
27318879,0,0,0,0,0,1,0,20201002,20301002
27318880,0,0,0,0,0,1,0,20201002,20301002
27318881,0,0,0,0,0,1,0,20201002,20301002
27318882,0,0,0,0,0,1,0,20201002,20301002
27318883,0,0,0,0,0,1,0,20201002,20301002
27318884,0,0,0,0,0,1,0,20201002,20301002
27318885,0,0,0,0,0,1,0,20201002,20301002
27318886,0,0,0,0,0,1,0,20201002,20301002
27318887,0,0,0,0,0,1,0,20201002,20301002
27318888,0,0,0,0,0,1,0,20201002,20301002
27318889,0,0,0,0,0,1,0,20201002,20301002
27318890,0,0,0,0,0,1,0,20201002,20301002
27318891,0,0,0,0,0,1,0,20201002,20301002
27318892,0,0,0,0,0,1,0,20201002,20301002
27318893,0,0,0,0,0,1,0,20201002,20301002
27318894,0,0,0,0,0,1,0,20201002,20301002
27318895,0,0,0,0,0,1,0,20201002,20301002
27318896,0,0,0,0,0,1,0,20201002,20301002
27318897,0,0,0,0,0,1,0,20201002,20301002
27318898,0,0,0,0,0,1,0,20201002,20301002
27318899,0,0,0,0,0,1,0,20201002,20301002
27318900,0,0,0,0,0,1,0,20201002,20301002
27318901,0,0,0,0,0,1,0,20201002,20301002
27318902,0,0,0,0,0,1,0,20201002,20301002
27318903,0,0,0,0,0,1,0,20201002,20301002
27318904,0,0,0,0,0,1,0,20201002,20301002
27318905,0,0,0,0,0,1,0,20201002,20301002
27318906,0,0,0,0,0,1,0,20201002,20301002
27318907,0,0,0,0,0,1,0,20201002,20301002
27318908,0,0,0,0,0,1,0,20201002,20301002
27318909,0,0,0,0,0,1,0,20201002,20301002
27318910,0,0,0,0,0,1,0,20201002,20301002
27318876,0,0,0,0,0,1,0,20201002,20301002
27318718,0,0,0,0,0,0,1,20201002,20301002
27318719,0,0,0,0,0,0,1,20201002,20301002
27318720,0,0,0,0,0,0,1,20201002,20301002
27318721,0,0,0,0,0,0,1,20201002,20301002
27318722,0,0,0,0,0,0,1,20201002,20301002
27318723,0,0,0,0,0,0,1,20201002,20301002
27318724,0,0,0,0,0,0,1,20201002,20301002
27318725,0,0,0,0,0,0,1,20201002,20301002
27318726,0,0,0,0,0,0,1,20201002,20301002
27318727,0,0,0,0,0,0,1,20201002,20301002
27318728,0,0,0,0,0,0,1,20201002,20301002
27318729,0,0,0,0,0,0,1,20201002,20301002
27318730,0,0,0,0,0,0,1,20201002,20301002
27318731,0,0,0,0,0,0,1,20201002,20301002
27318732,0,0,0,0,0,0,1,20201002,20301002
27318733,0,0,0,0,0,0,1,20201002,20301002
27318734,0,0,0,0,0,0,1,20201002,20301002
27318735,0,0,0,0,0,0,1,20201002,20301002
27318736,0,0,0,0,0,0,1,20201002,20301002
27318737,0,0,0,0,0,0,1,20201002,20301002
27318738,0,0,0,0,0,0,1,20201002,20301002
27318739,0,0,0,0,0,0,1,20201002,20301002
27318740,0,0,0,0,0,0,1,20201002,20301002
27318741,0,0,0,0,0,0,1,20201002,20301002
27318742,0,0,0,0,0,0,1,20201002,20301002
27318743,0,0,0,0,0,0,1,20201002,20301002
27318744,0,0,0,0,0,0,1,20201002,20301002
27318745,0,0,0,0,0,0,1,20201002,20301002
27318746,0,0,0,0,0,0,1,20201002,20301002
27318747,0,0,0,0,0,0,1,20201002,20301002
27318748,0,0,0,0,0,0,1,20201002,20301002
27318749,0,0,0,0,0,0,1,20201002,20301002
27318750,0,0,0,0,0,0,1,20201002,20301002
27318751,0,0,0,0,0,0,1,20201002,20301002
27318752,0,0,0,0,0,0,1,20201002,20301002
27318753,0,0,0,0,0,0,1,20201002,20301002
27318754,0,0,0,0,0,0,1,20201002,20301002
27318755,0,0,0,0,0,0,1,20201002,20301002
27318756,0,0,0,0,0,0,1,20201002,20301002
27318757,0,0,0,0,0,0,1,20201002,20301002
27318758,0,0,0,0,0,0,1,20201002,20301002
27318759,0,0,0,0,0,0,1,20201002,20301002
27318760,0,0,0,0,0,0,1,20201002,20301002
27318761,0,0,0,0,0,0,1,20201002,20301002
27318762,0,0,0,0,0,0,1,20201002,20301002
27318763,0,0,0,0,0,0,1,20201002,20301002
27318764,0,0,0,0,0,0,1,20201002,20301002
27318765,0,0,0,0,0,0,1,20201002,20301002
27318766,0,0,0,0,0,0,1,20201002,20301002
27318767,0,0,0,0,0,0,1,20201002,20301002
27318768,0,0,0,0,0,0,1,20201002,20301002
27318769,0,0,0,0,0,0,1,20201002,20301002
27318770,0,0,0,0,0,0,1,20201002,20301002
27318771,0,0,0,0,0,0,1,20201002,20301002
27318772,0,0,0,0,0,0,1,20201002,20301002
27318773,0,0,0,0,0,0,1,20201002,20301002
27318774,0,0,0,0,0,0,1,20201002,20301002
27318775,0,0,0,0,0,0,1,20201002,20301002
27319057,1,1,1,1,1,0,0,20201002,20301002
27319058,1,1,1,1,1,0,0,20201002,20301002
27319059,1,1,1,1,1,0,0,20201002,20301002
27319060,1,1,1,1,1,0,0,20201002,20301002
27319061,1,1,1,1,1,0,0,20201002,20301002
27319062,1,1,1,1,1,0,0,20201002,20301002
27319063,1,1,1,1,1,0,0,20201002,20301002
27319064,1,1,1,1,1,0,0,20201002,20301002
27319065,1,1,1,1,1,0,0,20201002,20301002
27319066,1,1,1,1,1,0,0,20201002,20301002
27319067,1,1,1,1,1,0,0,20201002,20301002
27319068,1,1,1,1,1,0,0,20201002,20301002
27319069,1,1,1,1,1,0,0,20201002,20301002
27319070,1,1,1,1,1,0,0,20201002,20301002
27319071,1,1,1,1,1,0,0,20201002,20301002
27319072,1,1,1,1,1,0,0,20201002,20301002
27319073,1,1,1,1,1,0,0,20201002,20301002
27319074,1,1,1,1,1,0,0,20201002,20301002
27319075,1,1,1,1,1,0,0,20201002,20301002
27319076,1,1,1,1,1,0,0,20201002,20301002
27319077,1,1,1,1,1,0,0,20201002,20301002
27319078,1,1,1,1,1,0,0,20201002,20301002
27319079,1,1,1,1,1,0,0,20201002,20301002
27319054,1,1,1,1,1,0,0,20201002,20301002
27319027,1,1,1,1,1,0,0,20201002,20301002
27319028,1,1,1,1,1,0,0,20201002,20301002
27319029,1,1,1,1,1,0,0,20201002,20301002
27319030,1,1,1,1,1,0,0,20201002,20301002
27319031,1,1,1,1,1,0,0,20201002,20301002
27319032,1,1,1,1,1,0,0,20201002,20301002
27319033,1,1,1,1,1,0,0,20201002,20301002
27319034,1,1,1,1,1,0,0,20201002,20301002
27319035,1,1,1,1,1,0,0,20201002,20301002
27319036,1,1,1,1,1,0,0,20201002,20301002
27319037,1,1,1,1,1,0,0,20201002,20301002
27319038,1,1,1,1,1,0,0,20201002,20301002
27319039,1,1,1,1,1,0,0,20201002,20301002
27319040,1,1,1,1,1,0,0,20201002,20301002
27319041,1,1,1,1,1,0,0,20201002,20301002
27319042,1,1,1,1,1,0,0,20201002,20301002
27319043,1,1,1,1,1,0,0,20201002,20301002
27319044,1,1,1,1,1,0,0,20201002,20301002
27319045,1,1,1,1,1,0,0,20201002,20301002
27319046,1,1,1,1,1,0,0,20201002,20301002
27319047,1,1,1,1,1,0,0,20201002,20301002
27319048,1,1,1,1,1,0,0,20201002,20301002
27319049,1,1,1,1,1,0,0,20201002,20301002
27319050,1,1,1,1,1,0,0,20201002,20301002
27319051,1,1,1,1,1,0,0,20201002,20301002
27319052,1,1,1,1,1,0,0,20201002,20301002
27319053,1,1,1,1,1,0,0,20201002,20301002
27319104,1,1,1,1,1,0,0,20201002,20301002
27319105,1,1,1,1,1,0,0,20201002,20301002
27319106,1,1,1,1,1,0,0,20201002,20301002
27319107,1,1,1,1,1,0,0,20201002,20301002
27319108,1,1,1,1,1,0,0,20201002,20301002
27319109,1,1,1,1,1,0,0,20201002,20301002
27319110,1,1,1,1,1,0,0,20201002,20301002
27319111,1,1,1,1,1,0,0,20201002,20301002
27319112,1,1,1,1,1,0,0,20201002,20301002
27319113,1,1,1,1,1,0,0,20201002,20301002
27319114,1,1,1,1,1,0,0,20201002,20301002
27319115,1,1,1,1,1,0,0,20201002,20301002
27319005,1,1,1,1,1,0,0,20201002,20301002
27319006,1,1,1,1,1,0,0,20201002,20301002
27319007,1,1,1,1,1,0,0,20201002,20301002
27319008,1,1,1,1,1,0,0,20201002,20301002
27319009,1,1,1,1,1,0,0,20201002,20301002
27319010,1,1,1,1,1,0,0,20201002,20301002
27319011,1,1,1,1,1,0,0,20201002,20301002
27319012,1,1,1,1,1,0,0,20201002,20301002
27319013,1,1,1,1,1,0,0,20201002,20301002
27319014,1,1,1,1,1,0,0,20201002,20301002
27319015,1,1,1,1,1,0,0,20201002,20301002
27319016,1,1,1,1,1,0,0,20201002,20301002
27319017,1,1,1,1,1,0,0,20201002,20301002
27319018,1,1,1,1,1,0,0,20201002,20301002
27319019,1,1,1,1,1,0,0,20201002,20301002
27319020,1,1,1,1,1,0,0,20201002,20301002
27319021,1,1,1,1,1,0,0,20201002,20301002
27319022,1,1,1,1,1,0,0,20201002,20301002
27319023,1,1,1,1,1,0,0,20201002,20301002
27319024,1,1,1,1,1,0,0,20201002,20301002
27319025,1,1,1,1,1,0,0,20201002,20301002
27319026,1,1,1,1,1,0,0,20201002,20301002
27319096,1,1,1,1,1,0,0,20201002,20301002
27319091,1,1,1,1,1,0,0,20201002,20301002
27319092,1,1,1,1,1,0,0,20201002,20301002
27319093,1,1,1,1,1,0,0,20201002,20301002
27319095,1,1,1,1,1,0,0,20201002,20301002
27319101,1,1,1,1,1,0,0,20201002,20301002
27319102,1,1,1,1,1,0,0,20201002,20301002
27319103,1,1,1,1,1,0,0,20201002,20301002
27319097,1,1,1,1,1,0,0,20201002,20301002
27319098,1,1,1,1,1,0,0,20201002,20301002
27319099,1,1,1,1,1,0,0,20201002,20301002
27319100,1,1,1,1,1,0,0,20201002,20301002
27319094,1,1,1,1,1,0,0,20201002,20301002
27319081,1,1,1,1,1,0,0,20201002,20301002
27319082,1,1,1,1,1,0,0,20201002,20301002
27319083,1,1,1,1,1,0,0,20201002,20301002
27319084,1,1,1,1,1,0,0,20201002,20301002
27319085,1,1,1,1,1,0,0,20201002,20301002
27319086,1,1,1,1,1,0,0,20201002,20301002
27319087,1,1,1,1,1,0,0,20201002,20301002
27319088,1,1,1,1,1,0,0,20201002,20301002
27319089,1,1,1,1,1,0,0,20201002,20301002
27319090,1,1,1,1,1,0,0,20201002,20301002
27319080,1,1,1,1,1,0,0,20201002,20301002
27319055,1,1,1,1,1,0,0,20201002,20301002
27319056,1,1,1,1,1,0,0,20201002,20301002
27319137,0,0,0,0,0,1,0,20201002,20301002
27319138,0,0,0,0,0,1,0,20201002,20301002
27319139,0,0,0,0,0,1,0,20201002,20301002
27319167,0,0,0,0,0,1,0,20201002,20301002
27319179,0,0,0,0,0,1,0,20201002,20301002
27319184,0,0,0,0,0,1,0,20201002,20301002
27319182,0,0,0,0,0,1,0,20201002,20301002
27319185,0,0,0,0,0,1,0,20201002,20301002
27319186,0,0,0,0,0,1,0,20201002,20301002
27319187,0,0,0,0,0,1,0,20201002,20301002
27319176,0,0,0,0,0,1,0,20201002,20301002
27319177,0,0,0,0,0,1,0,20201002,20301002
27319178,0,0,0,0,0,1,0,20201002,20301002
27319180,0,0,0,0,0,1,0,20201002,20301002
27319183,0,0,0,0,0,1,0,20201002,20301002
27319181,0,0,0,0,0,1,0,20201002,20301002
27319126,0,0,0,0,0,1,0,20201002,20301002
27319127,0,0,0,0,0,1,0,20201002,20301002
27319128,0,0,0,0,0,1,0,20201002,20301002
27319129,0,0,0,0,0,1,0,20201002,20301002
27319130,0,0,0,0,0,1,0,20201002,20301002
27319131,0,0,0,0,0,1,0,20201002,20301002
27319132,0,0,0,0,0,1,0,20201002,20301002
27319133,0,0,0,0,0,1,0,20201002,20301002
27319134,0,0,0,0,0,1,0,20201002,20301002
27319135,0,0,0,0,0,1,0,20201002,20301002
27319116,0,0,0,0,0,1,0,20201002,20301002
27319117,0,0,0,0,0,1,0,20201002,20301002
27319118,0,0,0,0,0,1,0,20201002,20301002
27319119,0,0,0,0,0,1,0,20201002,20301002
27319120,0,0,0,0,0,1,0,20201002,20301002
27319121,0,0,0,0,0,1,0,20201002,20301002
27319122,0,0,0,0,0,1,0,20201002,20301002
27319123,0,0,0,0,0,1,0,20201002,20301002
27319124,0,0,0,0,0,1,0,20201002,20301002
27319125,0,0,0,0,0,1,0,20201002,20301002
27319188,0,0,0,0,0,1,0,20201002,20301002
27319189,0,0,0,0,0,1,0,20201002,20301002
27319190,0,0,0,0,0,1,0,20201002,20301002
27319191,0,0,0,0,0,1,0,20201002,20301002
27319192,0,0,0,0,0,1,0,20201002,20301002
27319193,0,0,0,0,0,1,0,20201002,20301002
27319136,0,0,0,0,0,1,0,20201002,20301002
27319168,0,0,0,0,0,1,0,20201002,20301002
27319169,0,0,0,0,0,1,0,20201002,20301002
27319170,0,0,0,0,0,1,0,20201002,20301002
27319171,0,0,0,0,0,1,0,20201002,20301002
27319172,0,0,0,0,0,1,0,20201002,20301002
27319173,0,0,0,0,0,1,0,20201002,20301002
27319174,0,0,0,0,0,1,0,20201002,20301002
27319175,0,0,0,0,0,1,0,20201002,20301002
27319140,0,0,0,0,0,1,0,20201002,20301002
27319141,0,0,0,0,0,1,0,20201002,20301002
27319142,0,0,0,0,0,1,0,20201002,20301002
27319143,0,0,0,0,0,1,0,20201002,20301002
27319144,0,0,0,0,0,1,0,20201002,20301002
27319145,0,0,0,0,0,1,0,20201002,20301002
27319146,0,0,0,0,0,1,0,20201002,20301002
27319147,0,0,0,0,0,1,0,20201002,20301002
27319148,0,0,0,0,0,1,0,20201002,20301002
27319149,0,0,0,0,0,1,0,20201002,20301002
27319150,0,0,0,0,0,1,0,20201002,20301002
27319151,0,0,0,0,0,1,0,20201002,20301002
27319152,0,0,0,0,0,1,0,20201002,20301002
27319153,0,0,0,0,0,1,0,20201002,20301002
27319154,0,0,0,0,0,1,0,20201002,20301002
27319155,0,0,0,0,0,1,0,20201002,20301002
27319156,0,0,0,0,0,1,0,20201002,20301002
27319157,0,0,0,0,0,1,0,20201002,20301002
27319158,0,0,0,0,0,1,0,20201002,20301002
27319159,0,0,0,0,0,1,0,20201002,20301002
27319160,0,0,0,0,0,1,0,20201002,20301002
27319161,0,0,0,0,0,1,0,20201002,20301002
27319162,0,0,0,0,0,1,0,20201002,20301002
27319163,0,0,0,0,0,1,0,20201002,20301002
27319164,0,0,0,0,0,1,0,20201002,20301002
27319165,0,0,0,0,0,1,0,20201002,20301002
27319166,0,0,0,0,0,1,0,20201002,20301002
27318984,0,0,0,0,0,0,1,20201002,20301002
27318985,0,0,0,0,0,0,1,20201002,20301002
27318986,0,0,0,0,0,0,1,20201002,20301002
27318987,0,0,0,0,0,0,1,20201002,20301002
27318988,0,0,0,0,0,0,1,20201002,20301002
27318989,0,0,0,0,0,0,1,20201002,20301002
27318990,0,0,0,0,0,0,1,20201002,20301002
27318991,0,0,0,0,0,0,1,20201002,20301002
27318992,0,0,0,0,0,0,1,20201002,20301002
27318993,0,0,0,0,0,0,1,20201002,20301002
27318994,0,0,0,0,0,0,1,20201002,20301002
27318995,0,0,0,0,0,0,1,20201002,20301002
27318996,0,0,0,0,0,0,1,20201002,20301002
27318997,0,0,0,0,0,0,1,20201002,20301002
27318998,0,0,0,0,0,0,1,20201002,20301002
27318999,0,0,0,0,0,0,1,20201002,20301002
27319000,0,0,0,0,0,0,1,20201002,20301002
27319001,0,0,0,0,0,0,1,20201002,20301002
27319002,0,0,0,0,0,0,1,20201002,20301002
27319003,0,0,0,0,0,0,1,20201002,20301002
27319004,0,0,0,0,0,0,1,20201002,20301002
27318981,0,0,0,0,0,0,1,20201002,20301002
27318982,0,0,0,0,0,0,1,20201002,20301002
27318983,0,0,0,0,0,0,1,20201002,20301002
27318947,0,0,0,0,0,0,1,20201002,20301002
27318948,0,0,0,0,0,0,1,20201002,20301002
27318949,0,0,0,0,0,0,1,20201002,20301002
27318950,0,0,0,0,0,0,1,20201002,20301002
27318951,0,0,0,0,0,0,1,20201002,20301002
27318952,0,0,0,0,0,0,1,20201002,20301002
27318953,0,0,0,0,0,0,1,20201002,20301002
27318954,0,0,0,0,0,0,1,20201002,20301002
27318955,0,0,0,0,0,0,1,20201002,20301002
27318956,0,0,0,0,0,0,1,20201002,20301002
27318957,0,0,0,0,0,0,1,20201002,20301002
27318958,0,0,0,0,0,0,1,20201002,20301002
27318959,0,0,0,0,0,0,1,20201002,20301002
27318960,0,0,0,0,0,0,1,20201002,20301002
27318961,0,0,0,0,0,0,1,20201002,20301002
27318962,0,0,0,0,0,0,1,20201002,20301002
27318963,0,0,0,0,0,0,1,20201002,20301002
27318964,0,0,0,0,0,0,1,20201002,20301002
27318965,0,0,0,0,0,0,1,20201002,20301002
27318966,0,0,0,0,0,0,1,20201002,20301002
27318967,0,0,0,0,0,0,1,20201002,20301002
27318968,0,0,0,0,0,0,1,20201002,20301002
27318969,0,0,0,0,0,0,1,20201002,20301002
27318970,0,0,0,0,0,0,1,20201002,20301002
27318971,0,0,0,0,0,0,1,20201002,20301002
27318972,0,0,0,0,0,0,1,20201002,20301002
27318973,0,0,0,0,0,0,1,20201002,20301002
27318974,0,0,0,0,0,0,1,20201002,20301002
27318975,0,0,0,0,0,0,1,20201002,20301002
27318976,0,0,0,0,0,0,1,20201002,20301002
27318977,0,0,0,0,0,0,1,20201002,20301002
27318978,0,0,0,0,0,0,1,20201002,20301002
27318979,0,0,0,0,0,0,1,20201002,20301002
27318980,0,0,0,0,0,0,1,20201002,20301002
27319275,1,1,1,1,1,0,0,20201002,20301002
27319276,1,1,1,1,1,0,0,20201002,20301002
27319278,1,1,1,1,1,0,0,20201002,20301002
27319332,1,1,1,1,1,0,0,20201002,20301002
27319333,1,1,1,1,1,0,0,20201002,20301002
27319334,1,1,1,1,1,0,0,20201002,20301002
27319335,1,1,1,1,1,0,0,20201002,20301002
27319336,1,1,1,1,1,0,0,20201002,20301002
27319279,1,1,1,1,1,0,0,20201002,20301002
27319280,1,1,1,1,1,0,0,20201002,20301002
27319281,1,1,1,1,1,0,0,20201002,20301002
27319282,1,1,1,1,1,0,0,20201002,20301002
27319283,1,1,1,1,1,0,0,20201002,20301002
27319284,1,1,1,1,1,0,0,20201002,20301002
27319285,1,1,1,1,1,0,0,20201002,20301002
27319286,1,1,1,1,1,0,0,20201002,20301002
27319287,1,1,1,1,1,0,0,20201002,20301002
27319288,1,1,1,1,1,0,0,20201002,20301002
27319289,1,1,1,1,1,0,0,20201002,20301002
27319290,1,1,1,1,1,0,0,20201002,20301002
27319291,1,1,1,1,1,0,0,20201002,20301002
27319292,1,1,1,1,1,0,0,20201002,20301002
27319293,1,1,1,1,1,0,0,20201002,20301002
27319294,1,1,1,1,1,0,0,20201002,20301002
27319265,1,1,1,1,1,0,0,20201002,20301002
27319269,1,1,1,1,1,0,0,20201002,20301002
27319270,1,1,1,1,1,0,0,20201002,20301002
27319271,1,1,1,1,1,0,0,20201002,20301002
27319273,1,1,1,1,1,0,0,20201002,20301002
27319277,1,1,1,1,1,0,0,20201002,20301002
27319312,1,1,1,1,1,0,0,20201002,20301002
27319314,1,1,1,1,1,0,0,20201002,20301002
27319315,1,1,1,1,1,0,0,20201002,20301002
27319316,1,1,1,1,1,0,0,20201002,20301002
27319318,1,1,1,1,1,0,0,20201002,20301002
27319331,1,1,1,1,1,0,0,20201002,20301002
27319344,1,1,1,1,1,0,0,20201002,20301002
27319346,1,1,1,1,1,0,0,20201002,20301002
27319347,1,1,1,1,1,0,0,20201002,20301002
27319348,1,1,1,1,1,0,0,20201002,20301002
27319350,1,1,1,1,1,0,0,20201002,20301002
27319358,1,1,1,1,1,0,0,20201002,20301002
27319359,1,1,1,1,1,0,0,20201002,20301002
27319361,1,1,1,1,1,0,0,20201002,20301002
27319274,1,1,1,1,1,0,0,20201002,20301002
27319319,1,1,1,1,1,0,0,20201002,20301002
27319351,1,1,1,1,1,0,0,20201002,20301002
27319352,1,1,1,1,1,0,0,20201002,20301002
27319353,1,1,1,1,1,0,0,20201002,20301002
27319354,1,1,1,1,1,0,0,20201002,20301002
27319355,1,1,1,1,1,0,0,20201002,20301002
27319356,1,1,1,1,1,0,0,20201002,20301002
27319357,1,1,1,1,1,0,0,20201002,20301002
27319320,1,1,1,1,1,0,0,20201002,20301002
27319321,1,1,1,1,1,0,0,20201002,20301002
27319322,1,1,1,1,1,0,0,20201002,20301002
27319323,1,1,1,1,1,0,0,20201002,20301002
27319324,1,1,1,1,1,0,0,20201002,20301002
27319325,1,1,1,1,1,0,0,20201002,20301002
27319326,1,1,1,1,1,0,0,20201002,20301002
27319327,1,1,1,1,1,0,0,20201002,20301002
27319328,1,1,1,1,1,0,0,20201002,20301002
27319329,1,1,1,1,1,0,0,20201002,20301002
27319330,1,1,1,1,1,0,0,20201002,20301002
27319272,1,1,1,1,1,0,0,20201002,20301002
27319317,1,1,1,1,1,0,0,20201002,20301002
27319349,1,1,1,1,1,0,0,20201002,20301002
27319256,1,1,1,1,1,0,0,20201002,20301002
27319295,1,1,1,1,1,0,0,20201002,20301002
27319337,1,1,1,1,1,0,0,20201002,20301002
27319360,1,1,1,1,1,0,0,20201002,20301002
27319252,1,1,1,1,1,0,0,20201002,20301002
27319253,1,1,1,1,1,0,0,20201002,20301002
27319254,1,1,1,1,1,0,0,20201002,20301002
27319255,1,1,1,1,1,0,0,20201002,20301002
27319338,1,1,1,1,1,0,0,20201002,20301002
27319339,1,1,1,1,1,0,0,20201002,20301002
27319296,1,1,1,1,1,0,0,20201002,20301002
27319297,1,1,1,1,1,0,0,20201002,20301002
27319298,1,1,1,1,1,0,0,20201002,20301002
27319299,1,1,1,1,1,0,0,20201002,20301002
27319300,1,1,1,1,1,0,0,20201002,20301002
27319301,1,1,1,1,1,0,0,20201002,20301002
27319302,1,1,1,1,1,0,0,20201002,20301002
27319303,1,1,1,1,1,0,0,20201002,20301002
27319304,1,1,1,1,1,0,0,20201002,20301002
27319305,1,1,1,1,1,0,0,20201002,20301002
27319306,1,1,1,1,1,0,0,20201002,20301002
27319257,1,1,1,1,1,0,0,20201002,20301002
27319258,1,1,1,1,1,0,0,20201002,20301002
27319259,1,1,1,1,1,0,0,20201002,20301002
27319260,1,1,1,1,1,0,0,20201002,20301002
27319307,1,1,1,1,1,0,0,20201002,20301002
27319340,1,1,1,1,1,0,0,20201002,20301002
27319341,1,1,1,1,1,0,0,20201002,20301002
27319342,1,1,1,1,1,0,0,20201002,20301002
27319343,1,1,1,1,1,0,0,20201002,20301002
27319308,1,1,1,1,1,0,0,20201002,20301002
27319309,1,1,1,1,1,0,0,20201002,20301002
27319310,1,1,1,1,1,0,0,20201002,20301002
27319311,1,1,1,1,1,0,0,20201002,20301002
27319261,1,1,1,1,1,0,0,20201002,20301002
27319262,1,1,1,1,1,0,0,20201002,20301002
27319263,1,1,1,1,1,0,0,20201002,20301002
27319264,1,1,1,1,1,0,0,20201002,20301002
27319267,1,1,1,1,1,0,0,20201002,20301002
27319268,1,1,1,1,1,0,0,20201002,20301002
27319266,1,1,1,1,1,0,0,20201002,20301002
27319313,1,1,1,1,1,0,0,20201002,20301002
27319345,1,1,1,1,1,0,0,20201002,20301002
27319363,0,0,0,0,0,1,0,20201002,20301002
27319375,0,0,0,0,0,1,0,20201002,20301002
27319372,0,0,0,0,0,1,0,20201002,20301002
27319367,0,0,0,0,0,1,0,20201002,20301002
27319422,0,0,0,0,0,1,0,20201002,20301002
27319423,0,0,0,0,0,1,0,20201002,20301002
27319424,0,0,0,0,0,1,0,20201002,20301002
27319425,0,0,0,0,0,1,0,20201002,20301002
27319426,0,0,0,0,0,1,0,20201002,20301002
27319427,0,0,0,0,0,1,0,20201002,20301002
27319428,0,0,0,0,0,1,0,20201002,20301002
27319429,0,0,0,0,0,1,0,20201002,20301002
27319430,0,0,0,0,0,1,0,20201002,20301002
27319431,0,0,0,0,0,1,0,20201002,20301002
27319432,0,0,0,0,0,1,0,20201002,20301002
27319433,0,0,0,0,0,1,0,20201002,20301002
27319434,0,0,0,0,0,1,0,20201002,20301002
27319435,0,0,0,0,0,1,0,20201002,20301002
27319436,0,0,0,0,0,1,0,20201002,20301002
27319437,0,0,0,0,0,1,0,20201002,20301002
27319438,0,0,0,0,0,1,0,20201002,20301002
27319439,0,0,0,0,0,1,0,20201002,20301002
27319369,0,0,0,0,0,1,0,20201002,20301002
27319362,0,0,0,0,0,1,0,20201002,20301002
27319364,0,0,0,0,0,1,0,20201002,20301002
27319365,0,0,0,0,0,1,0,20201002,20301002
27319366,0,0,0,0,0,1,0,20201002,20301002
27319368,0,0,0,0,0,1,0,20201002,20301002
27319370,0,0,0,0,0,1,0,20201002,20301002
27319371,0,0,0,0,0,1,0,20201002,20301002
27319373,0,0,0,0,0,1,0,20201002,20301002
27319374,0,0,0,0,0,1,0,20201002,20301002
27319376,0,0,0,0,0,1,0,20201002,20301002
27319377,0,0,0,0,0,1,0,20201002,20301002
27319378,0,0,0,0,0,1,0,20201002,20301002
27319379,0,0,0,0,0,1,0,20201002,20301002
27319380,0,0,0,0,0,1,0,20201002,20301002
27319381,0,0,0,0,0,1,0,20201002,20301002
27319382,0,0,0,0,0,1,0,20201002,20301002
27319383,0,0,0,0,0,1,0,20201002,20301002
27319384,0,0,0,0,0,1,0,20201002,20301002
27319385,0,0,0,0,0,1,0,20201002,20301002
27319386,0,0,0,0,0,1,0,20201002,20301002
27319387,0,0,0,0,0,1,0,20201002,20301002
27319388,0,0,0,0,0,1,0,20201002,20301002
27319389,0,0,0,0,0,1,0,20201002,20301002
27319390,0,0,0,0,0,1,0,20201002,20301002
27319391,0,0,0,0,0,1,0,20201002,20301002
27319392,0,0,0,0,0,1,0,20201002,20301002
27319393,0,0,0,0,0,1,0,20201002,20301002
27319394,0,0,0,0,0,1,0,20201002,20301002
27319395,0,0,0,0,0,1,0,20201002,20301002
27319396,0,0,0,0,0,1,0,20201002,20301002
27319397,0,0,0,0,0,1,0,20201002,20301002
27319398,0,0,0,0,0,1,0,20201002,20301002
27319399,0,0,0,0,0,1,0,20201002,20301002
27319400,0,0,0,0,0,1,0,20201002,20301002
27319401,0,0,0,0,0,1,0,20201002,20301002
27319402,0,0,0,0,0,1,0,20201002,20301002
27319403,0,0,0,0,0,1,0,20201002,20301002
27319404,0,0,0,0,0,1,0,20201002,20301002
27319405,0,0,0,0,0,1,0,20201002,20301002
27319406,0,0,0,0,0,1,0,20201002,20301002
27319407,0,0,0,0,0,1,0,20201002,20301002
27319408,0,0,0,0,0,1,0,20201002,20301002
27319409,0,0,0,0,0,1,0,20201002,20301002
27319410,0,0,0,0,0,1,0,20201002,20301002
27319411,0,0,0,0,0,1,0,20201002,20301002
27319412,0,0,0,0,0,1,0,20201002,20301002
27319413,0,0,0,0,0,1,0,20201002,20301002
27319414,0,0,0,0,0,1,0,20201002,20301002
27319415,0,0,0,0,0,1,0,20201002,20301002
27319416,0,0,0,0,0,1,0,20201002,20301002
27319417,0,0,0,0,0,1,0,20201002,20301002
27319418,0,0,0,0,0,1,0,20201002,20301002
27319419,0,0,0,0,0,1,0,20201002,20301002
27319420,0,0,0,0,0,1,0,20201002,20301002
27319421,0,0,0,0,0,1,0,20201002,20301002
27319235,0,0,0,0,0,0,1,20201002,20301002
27319230,0,0,0,0,0,0,1,20201002,20301002
27319231,0,0,0,0,0,0,1,20201002,20301002
27319232,0,0,0,0,0,0,1,20201002,20301002
27319234,0,0,0,0,0,0,1,20201002,20301002
27319237,0,0,0,0,0,0,1,20201002,20301002
27319236,0,0,0,0,0,0,1,20201002,20301002
27319238,0,0,0,0,0,0,1,20201002,20301002
27319239,0,0,0,0,0,0,1,20201002,20301002
27319240,0,0,0,0,0,0,1,20201002,20301002
27319241,0,0,0,0,0,0,1,20201002,20301002
27319242,0,0,0,0,0,0,1,20201002,20301002
27319243,0,0,0,0,0,0,1,20201002,20301002
27319244,0,0,0,0,0,0,1,20201002,20301002
27319245,0,0,0,0,0,0,1,20201002,20301002
27319246,0,0,0,0,0,0,1,20201002,20301002
27319247,0,0,0,0,0,0,1,20201002,20301002
27319248,0,0,0,0,0,0,1,20201002,20301002
27319249,0,0,0,0,0,0,1,20201002,20301002
27319250,0,0,0,0,0,0,1,20201002,20301002
27319251,0,0,0,0,0,0,1,20201002,20301002
27319233,0,0,0,0,0,0,1,20201002,20301002
27319194,0,0,0,0,0,0,1,20201002,20301002
27319195,0,0,0,0,0,0,1,20201002,20301002
27319196,0,0,0,0,0,0,1,20201002,20301002
27319197,0,0,0,0,0,0,1,20201002,20301002
27319198,0,0,0,0,0,0,1,20201002,20301002
27319199,0,0,0,0,0,0,1,20201002,20301002
27319200,0,0,0,0,0,0,1,20201002,20301002
27319201,0,0,0,0,0,0,1,20201002,20301002
27319202,0,0,0,0,0,0,1,20201002,20301002
27319203,0,0,0,0,0,0,1,20201002,20301002
27319204,0,0,0,0,0,0,1,20201002,20301002
27319205,0,0,0,0,0,0,1,20201002,20301002
27319206,0,0,0,0,0,0,1,20201002,20301002
27319207,0,0,0,0,0,0,1,20201002,20301002
27319208,0,0,0,0,0,0,1,20201002,20301002
27319222,0,0,0,0,0,0,1,20201002,20301002
27319209,0,0,0,0,0,0,1,20201002,20301002
27319210,0,0,0,0,0,0,1,20201002,20301002
27319211,0,0,0,0,0,0,1,20201002,20301002
27319212,0,0,0,0,0,0,1,20201002,20301002
27319213,0,0,0,0,0,0,1,20201002,20301002
27319214,0,0,0,0,0,0,1,20201002,20301002
27319215,0,0,0,0,0,0,1,20201002,20301002
27319216,0,0,0,0,0,0,1,20201002,20301002
27319217,0,0,0,0,0,0,1,20201002,20301002
27319218,0,0,0,0,0,0,1,20201002,20301002
27319219,0,0,0,0,0,0,1,20201002,20301002
27319220,0,0,0,0,0,0,1,20201002,20301002
27319221,0,0,0,0,0,0,1,20201002,20301002
27319223,0,0,0,0,0,0,1,20201002,20301002
27319224,0,0,0,0,0,0,1,20201002,20301002
27319225,0,0,0,0,0,0,1,20201002,20301002
27319226,0,0,0,0,0,0,1,20201002,20301002
27319227,0,0,0,0,0,0,1,20201002,20301002
27319228,0,0,0,0,0,0,1,20201002,20301002
27319229,0,0,0,0,0,0,1,20201002,20301002
