route_id,service_id,trip_id,trip_headsign,direction_id,block_id,shape_id
20729,27318086,27318086,,,,20729
20729,27318087,27318087,,,,20729
20729,27318088,27318088,,,,20729
20729,27318089,27318089,,,,20729
20729,27318090,27318090,,,,20729
20729,27318091,27318091,,,,20729
20729,27318092,27318092,,,,20729
20729,27318093,27318093,,,,20729
20729,27318094,27318094,,,,20729
20729,27318095,27318095,,,,20729
20729,27318096,27318096,,,,20729
20729,27318097,27318097,,,,20729
20729,27318098,27318098,,,,20729
20729,27318099,27318099,,,,20729
20729,27318100,27318100,,,,20729
20729,27318101,27318101,,,,20729
20729,27318102,27318102,,,,20729
20729,27318103,27318103,,,,20729
20729,27318104,27318104,,,,20729
20729,27318105,27318105,,,,20729
20729,27318106,27318106,,,,20729
20729,27318107,27318107,,,,20729
20729,27318108,27318108,,,,20729
20729,27318109,27318109,,,,20729
20729,27318110,27318110,,,,20729
20729,27318111,27318111,,,,20729
20729,27318112,27318112,,,,20729
20729,27318113,27318113,,,,20729
20729,27318114,27318114,,,,20729
20729,27318115,27318115,,,,20729
20729,27318116,27318116,,,,20729
20729,27318117,27318117,,,,20729
20729,27318118,27318118,,,,20729
20729,27318119,27318119,,,,20729
20729,27318120,27318120,,,,20729
20729,27318121,27318121,,,,20729
20729,27318122,27318122,,,,20729
20729,27318123,27318123,,,,20729
20729,27318124,27318124,,,,20729
20729,27318125,27318125,,,,20729
20729,27318126,27318126,,,,20729
20729,27318127,27318127,,,,20729
20729,27318128,27318128,,,,20729
20729,27318129,27318129,,,,20729
20729,27318130,27318130,,,,20729
20729,27318131,27318131,,,,20729
20729,27318132,27318132,,,,20729
20729,27318133,27318133,,,,20729
20729,27318134,27318134,,,,20729
20729,27318135,27318135,,,,20729
20729,27318136,27318136,,,,20729
20729,27318137,27318137,,,,20729
20729,27318138,27318138,,,,20729
20729,27318139,27318139,,,,20729
20729,27318140,27318140,,,,20729
20729,27318072,27318072,,,,20729
20729,27318073,27318073,,,,20729
20729,27318074,27318074,,,,20729
20729,27318075,27318075,,,,20729
20729,27318076,27318076,,,,20729
20729,27318077,27318077,,,,20729
20729,27318078,27318078,,,,20729
20729,27318079,27318079,,,,20729
20729,27318080,27318080,,,,20729
20729,27318081,27318081,,,,20729
20729,27318082,27318082,,,,20729
20729,27318083,27318083,,,,20729
20729,27318084,27318084,,,,20729
20729,27318085,27318085,,,,20729
20729,27318071,27318071,,,,20729
20729,27318006,27318006,,,,20729
20729,27318007,27318007,,,,20729
20729,27318008,27318008,,,,20729
20729,27318009,27318009,,,,20729
20729,27318010,27318010,,,,20729
20729,27318011,27318011,,,,20729
20729,27318012,27318012,,,,20729
20729,27318013,27318013,,,,20729
20729,27318014,27318014,,,,20729
20729,27318015,27318015,,,,20729
20729,27318016,27318016,,,,20729
20729,27318017,27318017,,,,20729
20729,27318018,27318018,,,,20729
20729,27318019,27318019,,,,20729
20729,27318020,27318020,,,,20729
20729,27318021,27318021,,,,20729
20729,27318022,27318022,,,,20729
20729,27318023,27318023,,,,20729
20729,27318024,27318024,,,,20729
20729,27318025,27318025,,,,20729
20729,27318026,27318026,,,,20729
20729,27318027,27318027,,,,20729
20729,27318028,27318028,,,,20729
20729,27318029,27318029,,,,20729
20729,27318030,27318030,,,,20729
20729,27318031,27318031,,,,20729
20729,27318032,27318032,,,,20729
20729,27318033,27318033,,,,20729
20729,27318034,27318034,,,,20729
20729,27318035,27318035,,,,20729
20729,27318036,27318036,,,,20729
20729,27318037,27318037,,,,20729
20729,27318038,27318038,,,,20729
20729,27318039,27318039,,,,20729
20729,27318040,27318040,,,,20729
20729,27318041,27318041,,,,20729
20729,27318042,27318042,,,,20729
20729,27318043,27318043,,,,20729
20729,27318044,27318044,,,,20729
20729,27318045,27318045,,,,20729
20729,27318046,27318046,,,,20729
20729,27318047,27318047,,,,20729
20729,27318048,27318048,,,,20729
20729,27318049,27318049,,,,20729
20729,27318050,27318050,,,,20729
20729,27318051,27318051,,,,20729
20729,27318052,27318052,,,,20729
20729,27318053,27318053,,,,20729
20729,27318054,27318054,,,,20729
20729,27318055,27318055,,,,20729
20729,27318056,27318056,,,,20729
20729,27318057,27318057,,,,20729
20729,27318058,27318058,,,,20729
20729,27318059,27318059,,,,20729
20729,27318060,27318060,,,,20729
20729,27318061,27318061,,,,20729
20729,27318062,27318062,,,,20729
20729,27318063,27318063,,,,20729
20729,27318064,27318064,,,,20729
20729,27318065,27318065,,,,20729
20729,27318066,27318066,,,,20729
20729,27318067,27318067,,,,20729
20729,27318068,27318068,,,,20729
20729,27318069,27318069,,,,20729
20729,27318070,27318070,,,,20729
20729,27318173,27318173,,,,20729
20729,27318174,27318174,,,,20729
20729,27318175,27318175,,,,20729
20729,27318176,27318176,,,,20729
20729,27318177,27318177,,,,20729
20729,27318178,27318178,,,,20729
20729,27318179,27318179,,,,20729
20729,27318180,27318180,,,,20729
20729,27318181,27318181,,,,20729
20729,27318182,27318182,,,,20729
20729,27318183,27318183,,,,20729
20729,27318184,27318184,,,,20729
20729,27318185,27318185,,,,20729
20729,27318186,27318186,,,,20729
20729,27318187,27318187,,,,20729
20729,27318188,27318188,,,,20729
20729,27318189,27318189,,,,20729
20729,27318190,27318190,,,,20729
20729,27318191,27318191,,,,20729
20729,27318192,27318192,,,,20729
20729,27318193,27318193,,,,20729
20729,27318194,27318194,,,,20729
20729,27318195,27318195,,,,20729
20729,27318196,27318196,,,,20729
20729,27318197,27318197,,,,20729
20729,27318198,27318198,,,,20729
20729,27318199,27318199,,,,20729
20729,27318200,27318200,,,,20729
20729,27318201,27318201,,,,20729
20729,27318202,27318202,,,,20729
20729,27318203,27318203,,,,20729
20729,27318204,27318204,,,,20729
20729,27318205,27318205,,,,20729
20729,27318206,27318206,,,,20729
20729,27318207,27318207,,,,20729
20729,27318208,27318208,,,,20729
20729,27318209,27318209,,,,20729
20729,27318210,27318210,,,,20729
20729,27318211,27318211,,,,20729
20729,27318212,27318212,,,,20729
20729,27318213,27318213,,,,20729
20729,27318214,27318214,,,,20729
20729,27318215,27318215,,,,20729
20729,27318216,27318216,,,,20729
20729,27318217,27318217,,,,20729
20729,27318218,27318218,,,,20729
20729,27318141,27318141,,,,20729
20729,27318142,27318142,,,,20729
20729,27318143,27318143,,,,20729
20729,27318144,27318144,,,,20729
20729,27318145,27318145,,,,20729
20729,27318146,27318146,,,,20729
20729,27318147,27318147,,,,20729
20729,27318148,27318148,,,,20729
20729,27318149,27318149,,,,20729
20729,27318150,27318150,,,,20729
20729,27318151,27318151,,,,20729
20729,27318152,27318152,,,,20729
20729,27318153,27318153,,,,20729
20729,27318154,27318154,,,,20729
20729,27318155,27318155,,,,20729
20729,27318156,27318156,,,,20729
20729,27318157,27318157,,,,20729
20729,27318158,27318158,,,,20729
20729,27318159,27318159,,,,20729
20729,27318160,27318160,,,,20729
20729,27318161,27318161,,,,20729
20729,27318162,27318162,,,,20729
20729,27318163,27318163,,,,20729
20729,27318164,27318164,,,,20729
20729,27318165,27318165,,,,20729
20729,27318166,27318166,,,,20729
20729,27318167,27318167,,,,20729
20729,27318168,27318168,,,,20729
20729,27318169,27318169,,,,20729
20729,27318170,27318170,,,,20729
20729,27318171,27318171,,,,20729
20729,27318172,27318172,,,,20729
20729,27317948,27317948,,,,20729
20729,27317949,27317949,,,,20729
20729,27317950,27317950,,,,20729
20729,27317951,27317951,,,,20729
20729,27317952,27317952,,,,20729
20729,27317953,27317953,,,,20729
20729,27317954,27317954,,,,20729
20729,27317955,27317955,,,,20729
20729,27317956,27317956,,,,20729
20729,27317957,27317957,,,,20729
20729,27317958,27317958,,,,20729
20729,27317959,27317959,,,,20729
20729,27317960,27317960,,,,20729
20729,27317961,27317961,,,,20729
20729,27317962,27317962,,,,20729
20729,27317963,27317963,,,,20729
20729,27317964,27317964,,,,20729
20729,27317965,27317965,,,,20729
20729,27317966,27317966,,,,20729
20729,27317967,27317967,,,,20729
20729,27317968,27317968,,,,20729
20729,27317969,27317969,,,,20729
20729,27317970,27317970,,,,20729
20729,27317971,27317971,,,,20729
20729,27317972,27317972,,,,20729
20729,27317973,27317973,,,,20729
20729,27317974,27317974,,,,20729
20729,27317975,27317975,,,,20729
20729,27317976,27317976,,,,20729
20729,27317977,27317977,,,,20729
20729,27317978,27317978,,,,20729
20729,27317979,27317979,,,,20729
20729,27317980,27317980,,,,20729
20729,27317981,27317981,,,,20729
20729,27317982,27317982,,,,20729
20729,27317983,27317983,,,,20729
20729,27317984,27317984,,,,20729
20729,27317985,27317985,,,,20729
20729,27317986,27317986,,,,20729
20729,27317987,27317987,,,,20729
20729,27317988,27317988,,,,20729
20729,27317989,27317989,,,,20729
20729,27317990,27317990,,,,20729
20729,27317991,27317991,,,,20729
20729,27317992,27317992,,,,20729
20729,27317993,27317993,,,,20729
20729,27317994,27317994,,,,20729
20729,27317995,27317995,,,,20729
20729,27317996,27317996,,,,20729
20729,27317997,27317997,,,,20729
20729,27317998,27317998,,,,20729
20729,27317999,27317999,,,,20729
20729,27318000,27318000,,,,20729
20729,27318001,27318001,,,,20729
20729,27318002,27318002,,,,20729
20729,27318003,27318003,,,,20729
20729,27318004,27318004,,,,20729
20729,27318005,27318005,,,,20729
20730,27318277,27318277,,,,20730
20730,27318278,27318278,,,,20730
20730,27318279,27318279,,,,20730
20730,27318280,27318280,,,,20730
20730,27318281,27318281,,,,20730
20730,27318282,27318282,,,,20730
20730,27318283,27318283,,,,20730
20730,27318284,27318284,,,,20730
20730,27318285,27318285,,,,20730
20730,27318286,27318286,,,,20730
20730,27318287,27318287,,,,20730
20730,27318288,27318288,,,,20730
20730,27318289,27318289,,,,20730
20730,27318290,27318290,,,,20730
20730,27318291,27318291,,,,20730
20730,27318292,27318292,,,,20730
20730,27318293,27318293,,,,20730
20730,27318294,27318294,,,,20730
20730,27318295,27318295,,,,20730
20730,27318296,27318296,,,,20730
20730,27318297,27318297,,,,20730
20730,27318298,27318298,,,,20730
20730,27318299,27318299,,,,20730
20730,27318300,27318300,,,,20730
20730,27318301,27318301,,,,20730
20730,27318302,27318302,,,,20730
20730,27318303,27318303,,,,20730
20730,27318304,27318304,,,,20730
20730,27318305,27318305,,,,20730
20730,27318306,27318306,,,,20730
20730,27318307,27318307,,,,20730
20730,27318308,27318308,,,,20730
20730,27318309,27318309,,,,20730
20730,27318310,27318310,,,,20730
20730,27318311,27318311,,,,20730
20730,27318312,27318312,,,,20730
20730,27318313,27318313,,,,20730
20730,27318314,27318314,,,,20730
20730,27318315,27318315,,,,20730
20730,27318316,27318316,,,,20730
20730,27318317,27318317,,,,20730
20730,27318318,27318318,,,,20730
20730,27318319,27318319,,,,20730
20730,27318320,27318320,,,,20730
20730,27318321,27318321,,,,20730
20730,27318322,27318322,,,,20730
20730,27318323,27318323,,,,20730
20730,27318324,27318324,,,,20730
20730,27318325,27318325,,,,20730
20730,27318326,27318326,,,,20730
20730,27318327,27318327,,,,20730
20730,27318328,27318328,,,,20730
20730,27318329,27318329,,,,20730
20730,27318330,27318330,,,,20730
20730,27318331,27318331,,,,20730
20730,27318332,27318332,,,,20730
20730,27318333,27318333,,,,20730
20730,27318334,27318334,,,,20730
20730,27318335,27318335,,,,20730
20730,27318336,27318336,,,,20730
20730,27318337,27318337,,,,20730
20730,27318338,27318338,,,,20730
20730,27318339,27318339,,,,20730
20730,27318340,27318340,,,,20730
20730,27318341,27318341,,,,20730
20730,27318342,27318342,,,,20730
20730,27318343,27318343,,,,20730
20730,27318344,27318344,,,,20730
20730,27318345,27318345,,,,20730
20730,27318346,27318346,,,,20730
20730,27318347,27318347,,,,20730
20730,27318348,27318348,,,,20730
20730,27318349,27318349,,,,20730
20730,27318350,27318350,,,,20730
20730,27318351,27318351,,,,20730
20730,27318352,27318352,,,,20730
20730,27318353,27318353,,,,20730
20730,27318354,27318354,,,,20730
20730,27318355,27318355,,,,20730
20730,27318356,27318356,,,,20730
20730,27318357,27318357,,,,20730
20730,27318358,27318358,,,,20730
20730,27318359,27318359,,,,20730
20730,27318360,27318360,,,,20730
20730,27318361,27318361,,,,20730
20730,27318362,27318362,,,,20730
20730,27318363,27318363,,,,20730
20730,27318364,27318364,,,,20730
20730,27318365,27318365,,,,20730
20730,27318366,27318366,,,,20730
20730,27318367,27318367,,,,20730
20730,27318368,27318368,,,,20730
20730,27318369,27318369,,,,20730
20730,27318370,27318370,,,,20730
20730,27318371,27318371,,,,20730
20730,27318372,27318372,,,,20730
20730,27318373,27318373,,,,20730
20730,27318374,27318374,,,,20730
20730,27318375,27318375,,,,20730
20730,27318376,27318376,,,,20730
20730,27318377,27318377,,,,20730
20730,27318378,27318378,,,,20730
20730,27318379,27318379,,,,20730
20730,27318380,27318380,,,,20730
20730,27318381,27318381,,,,20730
20730,27318382,27318382,,,,20730
20730,27318383,27318383,,,,20730
20730,27318384,27318384,,,,20730
20730,27318385,27318385,,,,20730
20730,27318386,27318386,,,,20730
20730,27318387,27318387,,,,20730
20730,27318388,27318388,,,,20730
20730,27318389,27318389,,,,20730
20730,27318390,27318390,,,,20730
20730,27318391,27318391,,,,20730
20730,27318392,27318392,,,,20730
20730,27318393,27318393,,,,20730
20730,27318394,27318394,,,,20730
20730,27318395,27318395,,,,20730
20730,27318396,27318396,,,,20730
20730,27318397,27318397,,,,20730
20730,27318398,27318398,,,,20730
20730,27318399,27318399,,,,20730
20730,27318400,27318400,,,,20730
20730,27318401,27318401,,,,20730
20730,27318402,27318402,,,,20730
20730,27318403,27318403,,,,20730
20730,27318404,27318404,,,,20730
20730,27318405,27318405,,,,20730
20730,27318406,27318406,,,,20730
20730,27318407,27318407,,,,20730
20730,27318408,27318408,,,,20730
20730,27318409,27318409,,,,20730
20730,27318410,27318410,,,,20730
20730,27318411,27318411,,,,20730
20730,27318412,27318412,,,,20730
20730,27318413,27318413,,,,20730
20730,27318414,27318414,,,,20730
20730,27318415,27318415,,,,20730
20730,27318416,27318416,,,,20730
20730,27318417,27318417,,,,20730
20730,27318418,27318418,,,,20730
20730,27318419,27318419,,,,20730
20730,27318420,27318420,,,,20730
20730,27318421,27318421,,,,20730
20730,27318422,27318422,,,,20730
20730,27318423,27318423,,,,20730
20730,27318424,27318424,,,,20730
20730,27318425,27318425,,,,20730
20730,27318426,27318426,,,,20730
20730,27318427,27318427,,,,20730
20730,27318428,27318428,,,,20730
20730,27318429,27318429,,,,20730
20730,27318430,27318430,,,,20730
20730,27318431,27318431,,,,20730
20730,27318432,27318432,,,,20730
20730,27318433,27318433,,,,20730
20730,27318434,27318434,,,,20730
20730,27318435,27318435,,,,20730
20730,27318436,27318436,,,,20730
20730,27318437,27318437,,,,20730
20730,27318438,27318438,,,,20730
20730,27318439,27318439,,,,20730
20730,27318440,27318440,,,,20730
20730,27318441,27318441,,,,20730
20730,27318442,27318442,,,,20730
20730,27318443,27318443,,,,20730
20730,27318444,27318444,,,,20730
20730,27318445,27318445,,,,20730
20730,27318446,27318446,,,,20730
20730,27318447,27318447,,,,20730
20730,27318448,27318448,,,,20730
20730,27318449,27318449,,,,20730
20730,27318450,27318450,,,,20730
20730,27318451,27318451,,,,20730
20730,27318452,27318452,,,,20730
20730,27318453,27318453,,,,20730
20730,27318454,27318454,,,,20730
20730,27318455,27318455,,,,20730
20730,27318456,27318456,,,,20730
20730,27318457,27318457,,,,20730
20730,27318458,27318458,,,,20730
20730,27318459,27318459,,,,20730
20730,27318460,27318460,,,,20730
20730,27318461,27318461,,,,20730
20730,27318462,27318462,,,,20730
20730,27318463,27318463,,,,20730
20730,27318464,27318464,,,,20730
20730,27318465,27318465,,,,20730
20730,27318466,27318466,,,,20730
20730,27318467,27318467,,,,20730
20730,27318468,27318468,,,,20730
20730,27318469,27318469,,,,20730
20730,27318470,27318470,,,,20730
20730,27318471,27318471,,,,20730
20730,27318472,27318472,,,,20730
20730,27318473,27318473,,,,20730
20730,27318474,27318474,,,,20730
20730,27318475,27318475,,,,20730
20730,27318476,27318476,,,,20730
20730,27318477,27318477,,,,20730
20730,27318478,27318478,,,,20730
20730,27318479,27318479,,,,20730
20730,27318480,27318480,,,,20730
20730,27318481,27318481,,,,20730
20730,27318482,27318482,,,,20730
20730,27318483,27318483,,,,20730
20730,27318484,27318484,,,,20730
20730,27318485,27318485,,,,20730
20730,27318486,27318486,,,,20730
20730,27318487,27318487,,,,20730
20730,27318488,27318488,,,,20730
20730,27318273,27318273,,,,20730
20730,27318274,27318274,,,,20730
20730,27318275,27318275,,,,20730
20730,27318276,27318276,,,,20730
20730,27318230,27318230,,,,20730
20730,27318231,27318231,,,,20730
20730,27318232,27318232,,,,20730
20730,27318233,27318233,,,,20730
20730,27318234,27318234,,,,20730
20730,27318235,27318235,,,,20730
20730,27318236,27318236,,,,20730
20730,27318237,27318237,,,,20730
20730,27318238,27318238,,,,20730
20730,27318239,27318239,,,,20730
20730,27318240,27318240,,,,20730
20730,27318241,27318241,,,,20730
20730,27318242,27318242,,,,20730
20730,27318243,27318243,,,,20730
20730,27318244,27318244,,,,20730
20730,27318245,27318245,,,,20730
20730,27318246,27318246,,,,20730
20730,27318247,27318247,,,,20730
20730,27318248,27318248,,,,20730
20730,27318249,27318249,,,,20730
20730,27318250,27318250,,,,20730
20730,27318251,27318251,,,,20730
20730,27318252,27318252,,,,20730
20730,27318253,27318253,,,,20730
20730,27318254,27318254,,,,20730
20730,27318255,27318255,,,,20730
20730,27318256,27318256,,,,20730
20730,27318257,27318257,,,,20730
20730,27318258,27318258,,,,20730
20730,27318259,27318259,,,,20730
20730,27318260,27318260,,,,20730
20730,27318261,27318261,,,,20730
20730,27318262,27318262,,,,20730
20730,27318263,27318263,,,,20730
20730,27318264,27318264,,,,20730
20730,27318265,27318265,,,,20730
20730,27318266,27318266,,,,20730
20730,27318267,27318267,,,,20730
20730,27318268,27318268,,,,20730
20730,27318269,27318269,,,,20730
20730,27318270,27318270,,,,20730
20730,27318271,27318271,,,,20730
20730,27318272,27318272,,,,20730
20730,27318219,27318219,,,,20730
20730,27318220,27318220,,,,20730
20730,27318221,27318221,,,,20730
20730,27318222,27318222,,,,20730
20730,27318223,27318223,,,,20730
20730,27318224,27318224,,,,20730
20730,27318225,27318225,,,,20730
20730,27318226,27318226,,,,20730
20730,27318227,27318227,,,,20730
20730,27318228,27318228,,,,20730
20730,27318229,27318229,,,,20730
20731,27318624,27318624,,,,20731
20731,27318625,27318625,,,,20731
20731,27318626,27318626,,,,20731
20731,27318627,27318627,,,,20731
20731,27318628,27318628,,,,20731
20731,27318629,27318629,,,,20731
20731,27318630,27318630,,,,20731
20731,27318631,27318631,,,,20731
20731,27318632,27318632,,,,20731
20731,27318633,27318633,,,,20731
20731,27318634,27318634,,,,20731
20731,27318635,27318635,,,,20731
20731,27318636,27318636,,,,20731
20731,27318637,27318637,,,,20731
20731,27318638,27318638,,,,20731
20731,27318639,27318639,,,,20731
20731,27318547,27318547,,,,20731
20731,27318548,27318548,,,,20731
20731,27318549,27318549,,,,20731
20731,27318550,27318550,,,,20731
20731,27318551,27318551,,,,20731
20731,27318552,27318552,,,,20731
20731,27318553,27318553,,,,20731
20731,27318554,27318554,,,,20731
20731,27318555,27318555,,,,20731
20731,27318556,27318556,,,,20731
20731,27318557,27318557,,,,20731
20731,27318558,27318558,,,,20731
20731,27318559,27318559,,,,20731
20731,27318560,27318560,,,,20731
20731,27318561,27318561,,,,20731
20731,27318562,27318562,,,,20731
20731,27318563,27318563,,,,20731
20731,27318564,27318564,,,,20731
20731,27318565,27318565,,,,20731
20731,27318566,27318566,,,,20731
20731,27318567,27318567,,,,20731
20731,27318568,27318568,,,,20731
20731,27318569,27318569,,,,20731
20731,27318570,27318570,,,,20731
20731,27318571,27318571,,,,20731
20731,27318572,27318572,,,,20731
20731,27318573,27318573,,,,20731
20731,27318574,27318574,,,,20731
20731,27318575,27318575,,,,20731
20731,27318576,27318576,,,,20731
20731,27318577,27318577,,,,20731
20731,27318578,27318578,,,,20731
20731,27318579,27318579,,,,20731
20731,27318580,27318580,,,,20731
20731,27318581,27318581,,,,20731
20731,27318582,27318582,,,,20731
20731,27318583,27318583,,,,20731
20731,27318584,27318584,,,,20731
20731,27318585,27318585,,,,20731
20731,27318586,27318586,,,,20731
20731,27318587,27318587,,,,20731
20731,27318588,27318588,,,,20731
20731,27318589,27318589,,,,20731
20731,27318590,27318590,,,,20731
20731,27318591,27318591,,,,20731
20731,27318592,27318592,,,,20731
20731,27318593,27318593,,,,20731
20731,27318594,27318594,,,,20731
20731,27318595,27318595,,,,20731
20731,27318596,27318596,,,,20731
20731,27318597,27318597,,,,20731
20731,27318598,27318598,,,,20731
20731,27318599,27318599,,,,20731
20731,27318600,27318600,,,,20731
20731,27318601,27318601,,,,20731
20731,27318602,27318602,,,,20731
20731,27318603,27318603,,,,20731
20731,27318604,27318604,,,,20731
20731,27318605,27318605,,,,20731
20731,27318606,27318606,,,,20731
20731,27318607,27318607,,,,20731
20731,27318608,27318608,,,,20731
20731,27318609,27318609,,,,20731
20731,27318610,27318610,,,,20731
20731,27318611,27318611,,,,20731
20731,27318612,27318612,,,,20731
20731,27318613,27318613,,,,20731
20731,27318614,27318614,,,,20731
20731,27318615,27318615,,,,20731
20731,27318616,27318616,,,,20731
20731,27318617,27318617,,,,20731
20731,27318618,27318618,,,,20731
20731,27318619,27318619,,,,20731
20731,27318620,27318620,,,,20731
20731,27318621,27318621,,,,20731
20731,27318622,27318622,,,,20731
20731,27318623,27318623,,,,20731
20731,27318640,27318640,,,,20731
20731,27318641,27318641,,,,20731
20731,27318642,27318642,,,,20731
20731,27318643,27318643,,,,20731
20731,27318644,27318644,,,,20731
20731,27318645,27318645,,,,20731
20731,27318646,27318646,,,,20731
20731,27318647,27318647,,,,20731
20731,27318648,27318648,,,,20731
20731,27318649,27318649,,,,20731
20731,27318650,27318650,,,,20731
20731,27318651,27318651,,,,20731
20731,27318652,27318652,,,,20731
20731,27318653,27318653,,,,20731
20731,27318654,27318654,,,,20731
20731,27318655,27318655,,,,20731
20731,27318656,27318656,,,,20731
20731,27318657,27318657,,,,20731
20731,27318658,27318658,,,,20731
20731,27318659,27318659,,,,20731
20731,27318660,27318660,,,,20731
20731,27318661,27318661,,,,20731
20731,27318662,27318662,,,,20731
20731,27318663,27318663,,,,20731
20731,27318664,27318664,,,,20731
20731,27318665,27318665,,,,20731
20731,27318666,27318666,,,,20731
20731,27318667,27318667,,,,20731
20731,27318668,27318668,,,,20731
20731,27318669,27318669,,,,20731
20731,27318670,27318670,,,,20731
20731,27318671,27318671,,,,20731
20731,27318672,27318672,,,,20731
20731,27318673,27318673,,,,20731
20731,27318674,27318674,,,,20731
20731,27318675,27318675,,,,20731
20731,27318676,27318676,,,,20731
20731,27318677,27318677,,,,20731
20731,27318678,27318678,,,,20731
20731,27318679,27318679,,,,20731
20731,27318680,27318680,,,,20731
20731,27318681,27318681,,,,20731
20731,27318682,27318682,,,,20731
20731,27318683,27318683,,,,20731
20731,27318684,27318684,,,,20731
20731,27318685,27318685,,,,20731
20731,27318686,27318686,,,,20731
20731,27318687,27318687,,,,20731
20731,27318688,27318688,,,,20731
20731,27318689,27318689,,,,20731
20731,27318690,27318690,,,,20731
20731,27318691,27318691,,,,20731
20731,27318692,27318692,,,,20731
20731,27318693,27318693,,,,20731
20731,27318694,27318694,,,,20731
20731,27318695,27318695,,,,20731
20731,27318696,27318696,,,,20731
20731,27318697,27318697,,,,20731
20731,27318698,27318698,,,,20731
20731,27318699,27318699,,,,20731
20731,27318700,27318700,,,,20731
20731,27318701,27318701,,,,20731
20731,27318702,27318702,,,,20731
20731,27318703,27318703,,,,20731
20731,27318704,27318704,,,,20731
20731,27318705,27318705,,,,20731
20731,27318706,27318706,,,,20731
20731,27318707,27318707,,,,20731
20731,27318708,27318708,,,,20731
20731,27318709,27318709,,,,20731
20731,27318710,27318710,,,,20731
20731,27318711,27318711,,,,20731
20731,27318712,27318712,,,,20731
20731,27318713,27318713,,,,20731
20731,27318714,27318714,,,,20731
20731,27318715,27318715,,,,20731
20731,27318716,27318716,,,,20731
20731,27318717,27318717,,,,20731
20731,27318489,27318489,,,,20731
20731,27318490,27318490,,,,20731
20731,27318491,27318491,,,,20731
20731,27318492,27318492,,,,20731
20731,27318493,27318493,,,,20731
20731,27318494,27318494,,,,20731
20731,27318495,27318495,,,,20731
20731,27318496,27318496,,,,20731
20731,27318497,27318497,,,,20731
20731,27318498,27318498,,,,20731
20731,27318499,27318499,,,,20731
20731,27318500,27318500,,,,20731
20731,27318501,27318501,,,,20731
20731,27318502,27318502,,,,20731
20731,27318503,27318503,,,,20731
20731,27318504,27318504,,,,20731
20731,27318505,27318505,,,,20731
20731,27318506,27318506,,,,20731
20731,27318507,27318507,,,,20731
20731,27318508,27318508,,,,20731
20731,27318509,27318509,,,,20731
20731,27318510,27318510,,,,20731
20731,27318511,27318511,,,,20731
20731,27318512,27318512,,,,20731
20731,27318513,27318513,,,,20731
20731,27318514,27318514,,,,20731
20731,27318515,27318515,,,,20731
20731,27318516,27318516,,,,20731
20731,27318517,27318517,,,,20731
20731,27318518,27318518,,,,20731
20731,27318519,27318519,,,,20731
20731,27318520,27318520,,,,20731
20731,27318521,27318521,,,,20731
20731,27318522,27318522,,,,20731
20731,27318523,27318523,,,,20731
20731,27318524,27318524,,,,20731
20731,27318525,27318525,,,,20731
20731,27318526,27318526,,,,20731
20731,27318527,27318527,,,,20731
20731,27318528,27318528,,,,20731
20731,27318529,27318529,,,,20731
20731,27318530,27318530,,,,20731
20731,27318531,27318531,,,,20731
20731,27318532,27318532,,,,20731
20731,27318533,27318533,,,,20731
20731,27318534,27318534,,,,20731
20731,27318535,27318535,,,,20731
20731,27318536,27318536,,,,20731
20731,27318537,27318537,,,,20731
20731,27318538,27318538,,,,20731
20731,27318539,27318539,,,,20731
20731,27318540,27318540,,,,20731
20731,27318541,27318541,,,,20731
20731,27318542,27318542,,,,20731
20731,27318543,27318543,,,,20731
20731,27318544,27318544,,,,20731
20731,27318545,27318545,,,,20731
20731,27318546,27318546,,,,20731
20732,27318777,27318777,,,,20732
20732,27318846,27318846,,,,20732
20732,27318813,27318813,,,,20732
20732,27318814,27318814,,,,20732
20732,27318815,27318815,,,,20732
20732,27318816,27318816,,,,20732
20732,27318817,27318817,,,,20732
20732,27318818,27318818,,,,20732
20732,27318819,27318819,,,,20732
20732,27318820,27318820,,,,20732
20732,27318821,27318821,,,,20732
20732,27318822,27318822,,,,20732
20732,27318823,27318823,,,,20732
20732,27318824,27318824,,,,20732
20732,27318825,27318825,,,,20732
20732,27318826,27318826,,,,20732
20732,27318827,27318827,,,,20732
20732,27318828,27318828,,,,20732
20732,27318829,27318829,,,,20732
20732,27318830,27318830,,,,20732
20732,27318831,27318831,,,,20732
20732,27318832,27318832,,,,20732
20732,27318833,27318833,,,,20732
20732,27318834,27318834,,,,20732
20732,27318835,27318835,,,,20732
20732,27318836,27318836,,,,20732
20732,27318837,27318837,,,,20732
20732,27318838,27318838,,,,20732
20732,27318839,27318839,,,,20732
20732,27318840,27318840,,,,20732
20732,27318841,27318841,,,,20732
20732,27318842,27318842,,,,20732
20732,27318843,27318843,,,,20732
20732,27318844,27318844,,,,20732
20732,27318845,27318845,,,,20732
20732,27318776,27318776,,,,20732
20732,27318778,27318778,,,,20732
20732,27318779,27318779,,,,20732
20732,27318780,27318780,,,,20732
20732,27318781,27318781,,,,20732
20732,27318782,27318782,,,,20732
20732,27318783,27318783,,,,20732
20732,27318784,27318784,,,,20732
20732,27318785,27318785,,,,20732
20732,27318786,27318786,,,,20732
20732,27318787,27318787,,,,20732
20732,27318788,27318788,,,,20732
20732,27318789,27318789,,,,20732
20732,27318790,27318790,,,,20732
20732,27318791,27318791,,,,20732
20732,27318792,27318792,,,,20732
20732,27318793,27318793,,,,20732
20732,27318794,27318794,,,,20732
20732,27318795,27318795,,,,20732
20732,27318796,27318796,,,,20732
20732,27318797,27318797,,,,20732
20732,27318798,27318798,,,,20732
20732,27318799,27318799,,,,20732
20732,27318800,27318800,,,,20732
20732,27318801,27318801,,,,20732
20732,27318802,27318802,,,,20732
20732,27318803,27318803,,,,20732
20732,27318804,27318804,,,,20732
20732,27318805,27318805,,,,20732
20732,27318806,27318806,,,,20732
20732,27318807,27318807,,,,20732
20732,27318808,27318808,,,,20732
20732,27318809,27318809,,,,20732
20732,27318810,27318810,,,,20732
20732,27318811,27318811,,,,20732
20732,27318812,27318812,,,,20732
20732,27318847,27318847,,,,20732
20732,27318848,27318848,,,,20732
20732,27318849,27318849,,,,20732
20732,27318851,27318851,,,,20732
20732,27318852,27318852,,,,20732
20732,27318853,27318853,,,,20732
20732,27318854,27318854,,,,20732
20732,27318855,27318855,,,,20732
20732,27318856,27318856,,,,20732
20732,27318857,27318857,,,,20732
20732,27318858,27318858,,,,20732
20732,27318859,27318859,,,,20732
20732,27318860,27318860,,,,20732
20732,27318861,27318861,,,,20732
20732,27318862,27318862,,,,20732
20732,27318863,27318863,,,,20732
20732,27318864,27318864,,,,20732
20732,27318865,27318865,,,,20732
20732,27318866,27318866,,,,20732
20732,27318867,27318867,,,,20732
20732,27318868,27318868,,,,20732
20732,27318850,27318850,,,,20732
20732,27318911,27318911,,,,20732
20732,27318869,27318869,,,,20732
20732,27318870,27318870,,,,20732
20732,27318871,27318871,,,,20732
20732,27318872,27318872,,,,20732
20732,27318873,27318873,,,,20732
20732,27318874,27318874,,,,20732
20732,27318875,27318875,,,,20732
20732,27318912,27318912,,,,20732
20732,27318913,27318913,,,,20732
20732,27318914,27318914,,,,20732
20732,27318915,27318915,,,,20732
20732,27318916,27318916,,,,20732
20732,27318917,27318917,,,,20732
20732,27318918,27318918,,,,20732
20732,27318919,27318919,,,,20732
20732,27318920,27318920,,,,20732
20732,27318921,27318921,,,,20732
20732,27318922,27318922,,,,20732
20732,27318923,27318923,,,,20732
20732,27318924,27318924,,,,20732
20732,27318925,27318925,,,,20732
20732,27318926,27318926,,,,20732
20732,27318927,27318927,,,,20732
20732,27318928,27318928,,,,20732
20732,27318929,27318929,,,,20732
20732,27318930,27318930,,,,20732
20732,27318931,27318931,,,,20732
20732,27318932,27318932,,,,20732
20732,27318933,27318933,,,,20732
20732,27318934,27318934,,,,20732
20732,27318935,27318935,,,,20732
20732,27318936,27318936,,,,20732
20732,27318937,27318937,,,,20732
20732,27318938,27318938,,,,20732
20732,27318939,27318939,,,,20732
20732,27318940,27318940,,,,20732
20732,27318941,27318941,,,,20732
20732,27318942,27318942,,,,20732
20732,27318943,27318943,,,,20732
20732,27318944,27318944,,,,20732
20732,27318945,27318945,,,,20732
20732,27318946,27318946,,,,20732
20732,27318877,27318877,,,,20732
20732,27318878,27318878,,,,20732
20732,27318879,27318879,,,,20732
20732,27318880,27318880,,,,20732
20732,27318881,27318881,,,,20732
20732,27318882,27318882,,,,20732
20732,27318883,27318883,,,,20732
20732,27318884,27318884,,,,20732
20732,27318885,27318885,,,,20732
20732,27318886,27318886,,,,20732
20732,27318887,27318887,,,,20732
20732,27318888,27318888,,,,20732
20732,27318889,27318889,,,,20732
20732,27318890,27318890,,,,20732
20732,27318891,27318891,,,,20732
20732,27318892,27318892,,,,20732
20732,27318893,27318893,,,,20732
20732,27318894,27318894,,,,20732
20732,27318895,27318895,,,,20732
20732,27318896,27318896,,,,20732
20732,27318897,27318897,,,,20732
20732,27318898,27318898,,,,20732
20732,27318899,27318899,,,,20732
20732,27318900,27318900,,,,20732
20732,27318901,27318901,,,,20732
20732,27318902,27318902,,,,20732
20732,27318903,27318903,,,,20732
20732,27318904,27318904,,,,20732
20732,27318905,27318905,,,,20732
20732,27318906,27318906,,,,20732
20732,27318907,27318907,,,,20732
20732,27318908,27318908,,,,20732
20732,27318909,27318909,,,,20732
20732,27318910,27318910,,,,20732
20732,27318876,27318876,,,,20732
20732,27318718,27318718,,,,20732
20732,27318719,27318719,,,,20732
20732,27318720,27318720,,,,20732
20732,27318721,27318721,,,,20732
20732,27318722,27318722,,,,20732
20732,27318723,27318723,,,,20732
20732,27318724,27318724,,,,20732
20732,27318725,27318725,,,,20732
20732,27318726,27318726,,,,20732
20732,27318727,27318727,,,,20732
20732,27318728,27318728,,,,20732
20732,27318729,27318729,,,,20732
20732,27318730,27318730,,,,20732
20732,27318731,27318731,,,,20732
20732,27318732,27318732,,,,20732
20732,27318733,27318733,,,,20732
20732,27318734,27318734,,,,20732
20732,27318735,27318735,,,,20732
20732,27318736,27318736,,,,20732
20732,27318737,27318737,,,,20732
20732,27318738,27318738,,,,20732
20732,27318739,27318739,,,,20732
20732,27318740,27318740,,,,20732
20732,27318741,27318741,,,,20732
20732,27318742,27318742,,,,20732
20732,27318743,27318743,,,,20732
20732,27318744,27318744,,,,20732
20732,27318745,27318745,,,,20732
20732,27318746,27318746,,,,20732
20732,27318747,27318747,,,,20732
20732,27318748,27318748,,,,20732
20732,27318749,27318749,,,,20732
20732,27318750,27318750,,,,20732
20732,27318751,27318751,,,,20732
20732,27318752,27318752,,,,20732
20732,27318753,27318753,,,,20732
20732,27318754,27318754,,,,20732
20732,27318755,27318755,,,,20732
20732,27318756,27318756,,,,20732
20732,27318757,27318757,,,,20732
20732,27318758,27318758,,,,20732
20732,27318759,27318759,,,,20732
20732,27318760,27318760,,,,20732
20732,27318761,27318761,,,,20732
20732,27318762,27318762,,,,20732
20732,27318763,27318763,,,,20732
20732,27318764,27318764,,,,20732
20732,27318765,27318765,,,,20732
20732,27318766,27318766,,,,20732
20732,27318767,27318767,,,,20732
20732,27318768,27318768,,,,20732
20732,27318769,27318769,,,,20732
20732,27318770,27318770,,,,20732
20732,27318771,27318771,,,,20732
20732,27318772,27318772,,,,20732
20732,27318773,27318773,,,,20732
20732,27318774,27318774,,,,20732
20732,27318775,27318775,,,,20732
20733,27319057,27319057,,,,20733
20733,27319058,27319058,,,,20733
20733,27319059,27319059,,,,20733
20733,27319060,27319060,,,,20733
20733,27319061,27319061,,,,20733
20733,27319062,27319062,,,,20733
20733,27319063,27319063,,,,20733
20733,27319064,27319064,,,,20733
20733,27319065,27319065,,,,20733
20733,27319066,27319066,,,,20733
20733,27319067,27319067,,,,20733
20733,27319068,27319068,,,,20733
20733,27319069,27319069,,,,20733
20733,27319070,27319070,,,,20733
20733,27319071,27319071,,,,20733
20733,27319072,27319072,,,,20733
20733,27319073,27319073,,,,20733
20733,27319074,27319074,,,,20733
20733,27319075,27319075,,,,20733
20733,27319076,27319076,,,,20733
20733,27319077,27319077,,,,20733
20733,27319078,27319078,,,,20733
20733,27319079,27319079,,,,20733
20733,27319054,27319054,,,,20733
20733,27319027,27319027,,,,20733
20733,27319028,27319028,,,,20733
20733,27319029,27319029,,,,20733
20733,27319030,27319030,,,,20733
20733,27319031,27319031,,,,20733
20733,27319032,27319032,,,,20733
20733,27319033,27319033,,,,20733
20733,27319034,27319034,,,,20733
20733,27319035,27319035,,,,20733
20733,27319036,27319036,,,,20733
20733,27319037,27319037,,,,20733
20733,27319038,27319038,,,,20733
20733,27319039,27319039,,,,20733
20733,27319040,27319040,,,,20733
20733,27319041,27319041,,,,20733
20733,27319042,27319042,,,,20733
20733,27319043,27319043,,,,20733
20733,27319044,27319044,,,,20733
20733,27319045,27319045,,,,20733
20733,27319046,27319046,,,,20733
20733,27319047,27319047,,,,20733
20733,27319048,27319048,,,,20733
20733,27319049,27319049,,,,20733
20733,27319050,27319050,,,,20733
20733,27319051,27319051,,,,20733
20733,27319052,27319052,,,,20733
20733,27319053,27319053,,,,20733
20733,27319104,27319104,,,,20733
20733,27319105,27319105,,,,20733
20733,27319106,27319106,,,,20733
20733,27319107,27319107,,,,20733
20733,27319108,27319108,,,,20733
20733,27319109,27319109,,,,20733
20733,27319110,27319110,,,,20733
20733,27319111,27319111,,,,20733
20733,27319112,27319112,,,,20733
20733,27319113,27319113,,,,20733
20733,27319114,27319114,,,,20733
20733,27319115,27319115,,,,20733
20733,27319005,27319005,,,,20733
20733,27319006,27319006,,,,20733
20733,27319007,27319007,,,,20733
20733,27319008,27319008,,,,20733
20733,27319009,27319009,,,,20733
20733,27319010,27319010,,,,20733
20733,27319011,27319011,,,,20733
20733,27319012,27319012,,,,20733
20733,27319013,27319013,,,,20733
20733,27319014,27319014,,,,20733
20733,27319015,27319015,,,,20733
20733,27319016,27319016,,,,20733
20733,27319017,27319017,,,,20733
20733,27319018,27319018,,,,20733
20733,27319019,27319019,,,,20733
20733,27319020,27319020,,,,20733
20733,27319021,27319021,,,,20733
20733,27319022,27319022,,,,20733
20733,27319023,27319023,,,,20733
20733,27319024,27319024,,,,20733
20733,27319025,27319025,,,,20733
20733,27319026,27319026,,,,20733
20733,27319096,27319096,,,,20733
20733,27319091,27319091,,,,20733
20733,27319092,27319092,,,,20733
20733,27319093,27319093,,,,20733
20733,27319095,27319095,,,,20733
20733,27319101,27319101,,,,20733
20733,27319102,27319102,,,,20733
20733,27319103,27319103,,,,20733
20733,27319097,27319097,,,,20733
20733,27319098,27319098,,,,20733
20733,27319099,27319099,,,,20733
20733,27319100,27319100,,,,20733
20733,27319094,27319094,,,,20733
20733,27319081,27319081,,,,20733
20733,27319082,27319082,,,,20733
20733,27319083,27319083,,,,20733
20733,27319084,27319084,,,,20733
20733,27319085,27319085,,,,20733
20733,27319086,27319086,,,,20733
20733,27319087,27319087,,,,20733
20733,27319088,27319088,,,,20733
20733,27319089,27319089,,,,20733
20733,27319090,27319090,,,,20733
20733,27319080,27319080,,,,20733
20733,27319055,27319055,,,,20733
20733,27319056,27319056,,,,20733
20733,27319137,27319137,,,,20733
20733,27319138,27319138,,,,20733
20733,27319139,27319139,,,,20733
20733,27319167,27319167,,,,20733
20733,27319179,27319179,,,,20733
20733,27319184,27319184,,,,20733
20733,27319182,27319182,,,,20733
20733,27319185,27319185,,,,20733
20733,27319186,27319186,,,,20733
20733,27319187,27319187,,,,20733
20733,27319176,27319176,,,,20733
20733,27319177,27319177,,,,20733
20733,27319178,27319178,,,,20733
20733,27319180,27319180,,,,20733
20733,27319183,27319183,,,,20733
20733,27319181,27319181,,,,20733
20733,27319126,27319126,,,,20733
20733,27319127,27319127,,,,20733
20733,27319128,27319128,,,,20733
20733,27319129,27319129,,,,20733
20733,27319130,27319130,,,,20733
20733,27319131,27319131,,,,20733
20733,27319132,27319132,,,,20733
20733,27319133,27319133,,,,20733
20733,27319134,27319134,,,,20733
20733,27319135,27319135,,,,20733
20733,27319116,27319116,,,,20733
20733,27319117,27319117,,,,20733
20733,27319118,27319118,,,,20733
20733,27319119,27319119,,,,20733
20733,27319120,27319120,,,,20733
20733,27319121,27319121,,,,20733
20733,27319122,27319122,,,,20733
20733,27319123,27319123,,,,20733
20733,27319124,27319124,,,,20733
20733,27319125,27319125,,,,20733
20733,27319188,27319188,,,,20733
20733,27319189,27319189,,,,20733
20733,27319190,27319190,,,,20733
20733,27319191,27319191,,,,20733
20733,27319192,27319192,,,,20733
20733,27319193,27319193,,,,20733
20733,27319136,27319136,,,,20733
20733,27319168,27319168,,,,20733
20733,27319169,27319169,,,,20733
20733,27319170,27319170,,,,20733
20733,27319171,27319171,,,,20733
20733,27319172,27319172,,,,20733
20733,27319173,27319173,,,,20733
20733,27319174,27319174,,,,20733
20733,27319175,27319175,,,,20733
20733,27319140,27319140,,,,20733
20733,27319141,27319141,,,,20733
20733,27319142,27319142,,,,20733
20733,27319143,27319143,,,,20733
20733,27319144,27319144,,,,20733
20733,27319145,27319145,,,,20733
20733,27319146,27319146,,,,20733
20733,27319147,27319147,,,,20733
20733,27319148,27319148,,,,20733
20733,27319149,27319149,,,,20733
20733,27319150,27319150,,,,20733
20733,27319151,27319151,,,,20733
20733,27319152,27319152,,,,20733
20733,27319153,27319153,,,,20733
20733,27319154,27319154,,,,20733
20733,27319155,27319155,,,,20733
20733,27319156,27319156,,,,20733
20733,27319157,27319157,,,,20733
20733,27319158,27319158,,,,20733
20733,27319159,27319159,,,,20733
20733,27319160,27319160,,,,20733
20733,27319161,27319161,,,,20733
20733,27319162,27319162,,,,20733
20733,27319163,27319163,,,,20733
20733,27319164,27319164,,,,20733
20733,27319165,27319165,,,,20733
20733,27319166,27319166,,,,20733
20733,27318984,27318984,,,,20733
20733,27318985,27318985,,,,20733
20733,27318986,27318986,,,,20733
20733,27318987,27318987,,,,20733
20733,27318988,27318988,,,,20733
20733,27318989,27318989,,,,20733
20733,27318990,27318990,,,,20733
20733,27318991,27318991,,,,20733
20733,27318992,27318992,,,,20733
20733,27318993,27318993,,,,20733
20733,27318994,27318994,,,,20733
20733,27318995,27318995,,,,20733
20733,27318996,27318996,,,,20733
20733,27318997,27318997,,,,20733
20733,27318998,27318998,,,,20733
20733,27318999,27318999,,,,20733
20733,27319000,27319000,,,,20733
20733,27319001,27319001,,,,20733
20733,27319002,27319002,,,,20733
20733,27319003,27319003,,,,20733
20733,27319004,27319004,,,,20733
20733,27318981,27318981,,,,20733
20733,27318982,27318982,,,,20733
20733,27318983,27318983,,,,20733
20733,27318947,27318947,,,,20733
20733,27318948,27318948,,,,20733
20733,27318949,27318949,,,,20733
20733,27318950,27318950,,,,20733
20733,27318951,27318951,,,,20733
20733,27318952,27318952,,,,20733
20733,27318953,27318953,,,,20733
20733,27318954,27318954,,,,20733
20733,27318955,27318955,,,,20733
20733,27318956,27318956,,,,20733
20733,27318957,27318957,,,,20733
20733,27318958,27318958,,,,20733
20733,27318959,27318959,,,,20733
20733,27318960,27318960,,,,20733
20733,27318961,27318961,,,,20733
20733,27318962,27318962,,,,20733
20733,27318963,27318963,,,,20733
20733,27318964,27318964,,,,20733
20733,27318965,27318965,,,,20733
20733,27318966,27318966,,,,20733
20733,27318967,27318967,,,,20733
20733,27318968,27318968,,,,20733
20733,27318969,27318969,,,,20733
20733,27318970,27318970,,,,20733
20733,27318971,27318971,,,,20733
20733,27318972,27318972,,,,20733
20733,27318973,27318973,,,,20733
20733,27318974,27318974,,,,20733
20733,27318975,27318975,,,,20733
20733,27318976,27318976,,,,20733
20733,27318977,27318977,,,,20733
20733,27318978,27318978,,,,20733
20733,27318979,27318979,,,,20733
20733,27318980,27318980,,,,20733
20734,27319275,27319275,,,,20734
20734,27319276,27319276,,,,20734
20734,27319278,27319278,,,,20734
20734,27319332,27319332,,,,20734
20734,27319333,27319333,,,,20734
20734,27319334,27319334,,,,20734
20734,27319335,27319335,,,,20734
20734,27319336,27319336,,,,20734
20734,27319279,27319279,,,,20734
20734,27319280,27319280,,,,20734
20734,27319281,27319281,,,,20734
20734,27319282,27319282,,,,20734
20734,27319283,27319283,,,,20734
20734,27319284,27319284,,,,20734
20734,27319285,27319285,,,,20734
20734,27319286,27319286,,,,20734
20734,27319287,27319287,,,,20734
20734,27319288,27319288,,,,20734
20734,27319289,27319289,,,,20734
20734,27319290,27319290,,,,20734
20734,27319291,27319291,,,,20734
20734,27319292,27319292,,,,20734
20734,27319293,27319293,,,,20734
20734,27319294,27319294,,,,20734
20734,27319265,27319265,,,,20734
20734,27319269,27319269,,,,20734
20734,27319270,27319270,,,,20734
20734,27319271,27319271,,,,20734
20734,27319273,27319273,,,,20734
20734,27319277,27319277,,,,20734
20734,27319312,27319312,,,,20734
20734,27319314,27319314,,,,20734
20734,27319315,27319315,,,,20734
20734,27319316,27319316,,,,20734
20734,27319318,27319318,,,,20734
20734,27319331,27319331,,,,20734
20734,27319344,27319344,,,,20734
20734,27319346,27319346,,,,20734
20734,27319347,27319347,,,,20734
20734,27319348,27319348,,,,20734
20734,27319350,27319350,,,,20734
20734,27319358,27319358,,,,20734
20734,27319359,27319359,,,,20734
20734,27319361,27319361,,,,20734
20734,27319274,27319274,,,,20734
20734,27319319,27319319,,,,20734
20734,27319351,27319351,,,,20734
20734,27319352,27319352,,,,20734
20734,27319353,27319353,,,,20734
20734,27319354,27319354,,,,20734
20734,27319355,27319355,,,,20734
20734,27319356,27319356,,,,20734
20734,27319357,27319357,,,,20734
20734,27319320,27319320,,,,20734
20734,27319321,27319321,,,,20734
20734,27319322,27319322,,,,20734
20734,27319323,27319323,,,,20734
20734,27319324,27319324,,,,20734
20734,27319325,27319325,,,,20734
20734,27319326,27319326,,,,20734
20734,27319327,27319327,,,,20734
20734,27319328,27319328,,,,20734
20734,27319329,27319329,,,,20734
20734,27319330,27319330,,,,20734
20734,27319272,27319272,,,,20734
20734,27319317,27319317,,,,20734
20734,27319349,27319349,,,,20734
20734,27319256,27319256,,,,20734
20734,27319295,27319295,,,,20734
20734,27319337,27319337,,,,20734
20734,27319360,27319360,,,,20734
20734,27319252,27319252,,,,20734
20734,27319253,27319253,,,,20734
20734,27319254,27319254,,,,20734
20734,27319255,27319255,,,,20734
20734,27319338,27319338,,,,20734
20734,27319339,27319339,,,,20734
20734,27319296,27319296,,,,20734
20734,27319297,27319297,,,,20734
20734,27319298,27319298,,,,20734
20734,27319299,27319299,,,,20734
20734,27319300,27319300,,,,20734
20734,27319301,27319301,,,,20734
20734,27319302,27319302,,,,20734
20734,27319303,27319303,,,,20734
20734,27319304,27319304,,,,20734
20734,27319305,27319305,,,,20734
20734,27319306,27319306,,,,20734
20734,27319257,27319257,,,,20734
20734,27319258,27319258,,,,20734
20734,27319259,27319259,,,,20734
20734,27319260,27319260,,,,20734
20734,27319307,27319307,,,,20734
20734,27319340,27319340,,,,20734
20734,27319341,27319341,,,,20734
20734,27319342,27319342,,,,20734
20734,27319343,27319343,,,,20734
20734,27319308,27319308,,,,20734
20734,27319309,27319309,,,,20734
20734,27319310,27319310,,,,20734
20734,27319311,27319311,,,,20734
20734,27319261,27319261,,,,20734
20734,27319262,27319262,,,,20734
20734,27319263,27319263,,,,20734
20734,27319264,27319264,,,,20734
20734,27319267,27319267,,,,20734
20734,27319268,27319268,,,,20734
20734,27319266,27319266,,,,20734
20734,27319313,27319313,,,,20734
20734,27319345,27319345,,,,20734
20734,27319363,27319363,,,,20734
20734,27319375,27319375,,,,20734
20734,27319372,27319372,,,,20734
20734,27319367,27319367,,,,20734
20734,27319422,27319422,,,,20734
20734,27319423,27319423,,,,20734
20734,27319424,27319424,,,,20734
20734,27319425,27319425,,,,20734
20734,27319426,27319426,,,,20734
20734,27319427,27319427,,,,20734
20734,27319428,27319428,,,,20734
20734,27319429,27319429,,,,20734
20734,27319430,27319430,,,,20734
20734,27319431,27319431,,,,20734
20734,27319432,27319432,,,,20734
20734,27319433,27319433,,,,20734
20734,27319434,27319434,,,,20734
20734,27319435,27319435,,,,20734
20734,27319436,27319436,,,,20734
20734,27319437,27319437,,,,20734
20734,27319438,27319438,,,,20734
20734,27319439,27319439,,,,20734
20734,27319369,27319369,,,,20734
20734,27319362,27319362,,,,20734
20734,27319364,27319364,,,,20734
20734,27319365,27319365,,,,20734
20734,27319366,27319366,,,,20734
20734,27319368,27319368,,,,20734
20734,27319370,27319370,,,,20734
20734,27319371,27319371,,,,20734
20734,27319373,27319373,,,,20734
20734,27319374,27319374,,,,20734
20734,27319376,27319376,,,,20734
20734,27319377,27319377,,,,20734
20734,27319378,27319378,,,,20734
20734,27319379,27319379,,,,20734
20734,27319380,27319380,,,,20734
20734,27319381,27319381,,,,20734
20734,27319382,27319382,,,,20734
20734,27319383,27319383,,,,20734
20734,27319384,27319384,,,,20734
20734,27319385,27319385,,,,20734
20734,27319386,27319386,,,,20734
20734,27319387,27319387,,,,20734
20734,27319388,27319388,,,,20734
20734,27319389,27319389,,,,20734
20734,27319390,27319390,,,,20734
20734,27319391,27319391,,,,20734
20734,27319392,27319392,,,,20734
20734,27319393,27319393,,,,20734
20734,27319394,27319394,,,,20734
20734,27319395,27319395,,,,20734
20734,27319396,27319396,,,,20734
20734,27319397,27319397,,,,20734
20734,27319398,27319398,,,,20734
20734,27319399,27319399,,,,20734
20734,27319400,27319400,,,,20734
20734,27319401,27319401,,,,20734
20734,27319402,27319402,,,,20734
20734,27319403,27319403,,,,20734
20734,27319404,27319404,,,,20734
20734,27319405,27319405,,,,20734
20734,27319406,27319406,,,,20734
20734,27319407,27319407,,,,20734
20734,27319408,27319408,,,,20734
20734,27319409,27319409,,,,20734
20734,27319410,27319410,,,,20734
20734,27319411,27319411,,,,20734
20734,27319412,27319412,,,,20734
20734,27319413,27319413,,,,20734
20734,27319414,27319414,,,,20734
20734,27319415,27319415,,,,20734
20734,27319416,27319416,,,,20734
20734,27319417,27319417,,,,20734
20734,27319418,27319418,,,,20734
20734,27319419,27319419,,,,20734
20734,27319420,27319420,,,,20734
20734,27319421,27319421,,,,20734
20734,27319235,27319235,,,,20734
20734,27319230,27319230,,,,20734
20734,27319231,27319231,,,,20734
20734,27319232,27319232,,,,20734
20734,27319234,27319234,,,,20734
20734,27319237,27319237,,,,20734
20734,27319236,27319236,,,,20734
20734,27319238,27319238,,,,20734
20734,27319239,27319239,,,,20734
20734,27319240,27319240,,,,20734
20734,27319241,27319241,,,,20734
20734,27319242,27319242,,,,20734
20734,27319243,27319243,,,,20734
20734,27319244,27319244,,,,20734
20734,27319245,27319245,,,,20734
20734,27319246,27319246,,,,20734
20734,27319247,27319247,,,,20734
20734,27319248,27319248,,,,20734
20734,27319249,27319249,,,,20734
20734,27319250,27319250,,,,20734
20734,27319251,27319251,,,,20734
20734,27319233,27319233,,,,20734
20734,27319194,27319194,,,,20734
20734,27319195,27319195,,,,20734
20734,27319196,27319196,,,,20734
20734,27319197,27319197,,,,20734
20734,27319198,27319198,,,,20734
20734,27319199,27319199,,,,20734
20734,27319200,27319200,,,,20734
20734,27319201,27319201,,,,20734
20734,27319202,27319202,,,,20734
20734,27319203,27319203,,,,20734
20734,27319204,27319204,,,,20734
20734,27319205,27319205,,,,20734
20734,27319206,27319206,,,,20734
20734,27319207,27319207,,,,20734
20734,27319208,27319208,,,,20734
20734,27319222,27319222,,,,20734
20734,27319209,27319209,,,,20734
20734,27319210,27319210,,,,20734
20734,27319211,27319211,,,,20734
20734,27319212,27319212,,,,20734
20734,27319213,27319213,,,,20734
20734,27319214,27319214,,,,20734
20734,27319215,27319215,,,,20734
20734,27319216,27319216,,,,20734
20734,27319217,27319217,,,,20734
20734,27319218,27319218,,,,20734
20734,27319219,27319219,,,,20734
20734,27319220,27319220,,,,20734
20734,27319221,27319221,,,,20734
20734,27319223,27319223,,,,20734
20734,27319224,27319224,,,,20734
20734,27319225,27319225,,,,20734
20734,27319226,27319226,,,,20734
20734,27319227,27319227,,,,20734
20734,27319228,27319228,,,,20734
20734,27319229,27319229,,,,20734
