service_id,monday,tuesday,wednesday,thursday,friday,saturday,sunday,start_date,end_date
27547924,1,1,1,1,1,1,1,20201213,20211211
27547931,1,1,1,1,1,1,1,20201213,20211211
27547935,1,1,1,1,1,1,1,20201213,20211211
27547930,0,0,0,0,0,1,1,20201213,20211211
27547932,0,0,0,0,0,1,1,20201213,20211211
27547933,0,0,0,0,0,1,1,20201213,20211211
27547926,0,0,0,0,0,1,1,20201213,20211211
27547927,0,0,0,0,0,1,1,20201213,20211211
27547925,1,1,1,1,1,0,0,20201213,20211211
27547934,1,1,1,1,1,0,0,20201213,20211211
27547936,1,1,1,1,1,1,1,20201225,20211211
27547938,1,1,1,1,1,1,1,20201226,20211211
27547928,1,1,1,1,1,1,1,20201226,20211211
27547929,1,1,1,1,1,1,1,20201226,20211211
27547939,1,1,1,1,1,1,1,20210102,20211211
27547937,1,1,1,1,1,1,1,20210102,20211211
27349145,1,1,1,1,1,0,0,20201213,20211211
27349146,1,1,1,1,1,0,0,20201213,20211211
27349147,1,1,1,1,1,0,0,20201225,20211211
27554032,1,1,1,1,1,1,1,20201213,20211211
27554036,1,1,1,1,1,1,1,20201213,20211211
27554040,1,1,1,1,1,1,1,20201213,20211211
27554043,1,1,1,1,1,1,1,20201213,20211211
27554041,0,0,0,0,0,1,1,20201213,20211211
27554042,0,0,0,0,0,1,1,20201213,20211211
27554038,0,0,0,0,0,1,1,20201213,20211211
27554039,0,0,0,0,0,1,1,20201213,20211211
27554034,0,0,0,0,0,1,1,20201213,20211211
27554035,1,1,1,1,1,0,0,20201213,20211211
27554033,1,1,1,1,1,0,0,20201213,20211211
27554045,1,1,1,1,1,1,1,20201225,20211211
27554047,1,1,1,1,1,1,1,20201226,20211211
27554049,1,1,1,1,1,1,1,20201226,20211211
27554037,1,1,1,1,1,1,1,20201226,20211211
27554048,1,1,1,1,1,1,1,20210102,20211211
27554046,1,1,1,1,1,1,1,20210102,20211211
27554044,1,1,1,1,1,1,1,20210315,20211211
27349180,1,1,1,1,1,0,0,20201213,20211211
27349181,1,1,1,1,1,0,0,20201213,20211211
27349182,1,1,1,1,1,0,0,20201225,20211211
27346735,1,1,1,1,1,0,0,20201213,20211211
27346736,1,1,1,1,1,0,0,20201213,20211211
27346737,1,1,1,1,1,0,0,20201213,20211211
27346738,1,1,1,1,1,0,0,20201213,20211211
27547821,1,1,1,1,1,1,1,20201213,20211211
27547820,0,0,0,0,0,1,1,20201213,20211211
27547823,1,1,1,1,1,1,1,20210102,20211211
27349183,1,1,1,1,1,0,0,20201213,20211211
27349184,1,1,1,1,1,0,0,20201213,20211211
27349185,1,1,1,1,1,0,0,20201225,20211211
27349186,1,1,1,1,1,0,0,20201213,20211211
27349187,1,1,1,1,1,0,0,20201213,20211211
27349188,1,1,1,1,1,0,0,20201225,20211211
27408399,1,1,1,1,1,1,1,20201213,20211211
27408404,1,1,1,1,1,1,1,20201213,20211211
27408410,1,1,1,1,1,1,1,20201213,20211211
27408411,1,1,1,1,1,1,1,20201213,20211211
27408412,1,1,1,1,1,1,1,20201213,20211211
27408414,1,1,1,1,1,1,1,20201213,20211211
27408416,1,1,1,1,1,1,1,20201213,20211211
27408418,1,1,1,1,1,1,1,20201213,20211211
27408420,1,1,1,1,1,1,1,20201213,20211211
27408424,1,1,1,1,1,1,1,20201213,20211211
27408427,1,1,1,1,1,1,1,20201213,20211211
27408430,1,1,1,1,1,1,1,20201213,20211211
27408434,1,1,1,1,1,1,1,20201213,20211211
27408438,1,1,1,1,1,1,1,20201213,20211211
27408442,1,1,1,1,1,1,1,20201213,20211211
27408444,1,1,1,1,1,1,1,20201213,20211211
27408446,1,1,1,1,1,1,1,20201213,20211211
27408448,1,1,1,1,1,1,1,20201213,20211211
27408450,1,1,1,1,1,1,1,20201213,20211211
27408452,1,1,1,1,1,1,1,20201213,20211211
27408454,1,1,1,1,1,1,1,20201213,20211211
27408456,0,0,0,0,0,1,1,20201213,20211211
27408440,0,0,0,0,0,1,1,20201213,20211211
27408436,0,0,0,0,0,1,1,20201213,20211211
27408432,0,0,0,0,0,1,1,20201213,20211211
27408422,0,0,0,0,0,1,1,20201213,20211211
27408408,0,0,0,0,0,1,1,20201213,20211211
27408406,0,0,0,0,0,1,1,20201213,20211211
27408426,0,0,0,0,0,1,1,20201213,20211211
27408407,1,1,1,1,1,0,0,20201213,20211211
27408400,1,1,1,1,1,0,0,20201213,20211211
27408401,1,1,1,1,1,0,0,20201213,20211211
27408402,1,1,1,1,1,0,0,20201213,20211211
27408403,1,1,1,1,1,0,0,20201213,20211211
27408415,1,1,1,1,1,0,0,20201213,20211211
27408413,1,1,1,1,1,0,0,20201213,20211211
27408423,1,1,1,1,1,0,0,20201213,20211211
27408421,1,1,1,1,1,0,0,20201213,20211211
27408419,1,1,1,1,1,0,0,20201213,20211211
27408417,1,1,1,1,1,0,0,20201213,20211211
27408433,1,1,1,1,1,0,0,20201213,20211211
27408431,1,1,1,1,1,0,0,20201213,20211211
27408428,1,1,1,1,1,0,0,20201213,20211211
27408429,1,1,1,1,1,0,0,20201213,20211211
27408425,1,1,1,1,1,0,0,20201213,20211211
27408437,1,1,1,1,1,0,0,20201213,20211211
27408435,1,1,1,1,1,0,0,20201213,20211211
27408441,1,1,1,1,1,0,0,20201213,20211211
27408439,1,1,1,1,1,0,0,20201213,20211211
27408449,1,1,1,1,1,0,0,20201213,20211211
27408447,1,1,1,1,1,0,0,20201213,20211211
27408445,1,1,1,1,1,0,0,20201213,20211211
27408443,1,1,1,1,1,0,0,20201213,20211211
27408457,1,1,1,1,1,0,0,20201213,20211211
27408458,1,1,1,1,1,0,0,20201213,20211211
27408453,1,1,1,1,1,0,0,20201213,20211211
27408451,1,1,1,1,1,0,0,20201213,20211211
27408455,1,1,1,1,1,0,0,20201213,20211211
27408459,1,1,1,1,1,1,1,20201225,20211211
27408409,1,1,1,1,1,1,1,20201226,20211211
27408405,1,1,1,1,1,1,1,20201226,20211211
27346834,1,1,1,1,1,1,1,20201213,20211211
27346839,1,1,1,1,1,1,1,20201213,20211211
27346840,1,1,1,1,1,1,1,20201213,20211211
27346865,1,1,1,1,1,1,1,20201213,20211211
27346851,1,1,1,1,1,1,1,20201213,20211211
27346835,0,0,0,0,0,1,1,20201213,20211211
27346836,0,0,0,0,0,1,1,20201213,20211211
27346837,0,0,0,0,0,1,1,20201213,20211211
27346838,0,0,0,0,0,1,1,20201213,20211211
27346824,0,0,0,0,0,1,1,20201213,20211211
27346825,0,0,0,0,0,1,1,20201213,20211211
27346826,0,0,0,0,0,1,1,20201213,20211211
27346827,0,0,0,0,0,1,1,20201213,20211211
27346828,0,0,0,0,0,1,1,20201213,20211211
27346829,0,0,0,0,0,1,1,20201213,20211211
27346830,0,0,0,0,0,1,1,20201213,20211211
27346831,0,0,0,0,0,1,1,20201213,20211211
27346832,0,0,0,0,0,1,1,20201213,20211211
27346833,0,0,0,0,0,1,1,20201213,20211211
27346823,1,1,1,1,1,0,0,20201213,20211211
27346852,1,1,1,1,1,0,0,20201213,20211211
27346853,1,1,1,1,1,0,0,20201213,20211211
27346854,1,1,1,1,1,0,0,20201213,20211211
27346855,1,1,1,1,1,0,0,20201213,20211211
27346856,1,1,1,1,1,0,0,20201213,20211211
27346857,1,1,1,1,1,0,0,20201213,20211211
27346858,1,1,1,1,1,0,0,20201213,20211211
27346859,1,1,1,1,1,0,0,20201213,20211211
27346860,1,1,1,1,1,0,0,20201213,20211211
27346861,1,1,1,1,1,0,0,20201213,20211211
27346862,1,1,1,1,1,0,0,20201213,20211211
27346863,1,1,1,1,1,0,0,20201213,20211211
27346864,1,1,1,1,1,0,0,20201213,20211211
27346846,1,1,1,1,1,1,1,20201225,20211211
27346848,1,1,1,1,1,1,1,20201225,20211211
27346850,1,1,1,1,1,1,1,20201225,20211211
27346844,1,1,1,1,1,0,0,20201225,20211211
27346842,1,1,1,1,1,1,1,20201226,20211211
27408486,1,1,1,1,1,1,1,20201213,20211211
27408492,1,1,1,1,1,1,1,20201213,20211211
27408506,1,1,1,1,1,1,1,20201213,20211211
27408507,1,1,1,1,1,1,1,20201213,20211211
27408480,1,1,1,1,1,1,1,20201213,20211211
27408482,1,1,1,1,1,1,1,20201213,20211211
27408484,1,1,1,1,1,1,1,20201213,20211211
27408478,1,1,1,1,1,1,1,20201213,20211211
27408474,0,0,0,0,0,1,1,20201213,20211211
27408475,0,0,0,0,0,1,1,20201213,20211211
27408494,0,0,0,0,0,1,1,20201213,20211211
27408495,0,0,0,0,0,1,1,20201213,20211211
27408488,0,0,0,0,0,1,1,20201213,20211211
27408489,0,0,0,0,0,1,1,20201213,20211211
27408490,0,0,0,0,0,1,1,20201213,20211211
27408491,0,0,0,0,0,1,1,20201213,20211211
27408493,1,1,1,1,1,0,0,20201213,20211211
27408487,1,1,1,1,1,0,0,20201213,20211211
27408497,1,1,1,1,1,0,0,20201213,20211211
27408498,1,1,1,1,1,0,0,20201213,20211211
27408499,1,1,1,1,1,0,0,20201213,20211211
27408500,1,1,1,1,1,0,0,20201213,20211211
27408501,1,1,1,1,1,0,0,20201213,20211211
27408502,1,1,1,1,1,0,0,20201213,20211211
27408503,1,1,1,1,1,0,0,20201213,20211211
27408504,1,1,1,1,1,0,0,20201213,20211211
27408476,1,1,1,1,1,0,0,20201213,20211211
27408477,1,1,1,1,1,0,0,20201213,20211211
27408485,1,1,1,1,1,0,0,20201213,20211211
27408483,1,1,1,1,1,0,0,20201213,20211211
27408481,1,1,1,1,1,0,0,20201213,20211211
27408479,1,1,1,1,1,0,0,20201213,20211211
27408496,1,1,1,1,1,1,1,20201225,20211211
27408508,1,1,1,1,1,1,1,20201225,20211211
27408505,1,1,1,1,1,0,0,20201225,20211211
27408509,1,1,1,1,1,1,1,20201226,20211211
27326603,0,0,0,0,0,1,1,20201213,20211211
27326602,1,1,1,1,1,0,0,20201213,20211211
27547880,1,1,1,1,1,1,1,20201213,20211211
27547883,1,1,1,1,1,1,1,20201213,20211211
27547825,1,1,1,1,1,1,1,20201213,20211211
27547827,1,1,1,1,1,1,1,20201213,20211211
27547829,1,1,1,1,1,1,1,20201213,20211211
27547831,1,1,1,1,1,1,1,20201213,20211211
27547839,1,1,1,1,1,1,1,20201213,20211211
27547841,1,1,1,1,1,1,1,20201213,20211211
27547842,1,1,1,1,1,1,1,20201213,20211211
27547844,1,1,1,1,1,1,1,20201213,20211211
27547848,1,1,1,1,1,1,1,20201213,20211211
27547849,1,1,1,1,1,1,1,20201213,20211211
27547852,1,1,1,1,1,1,1,20201213,20211211
27547856,1,1,1,1,1,1,1,20201213,20211211
27547860,1,1,1,1,1,1,1,20201213,20211211
27547864,1,1,1,1,1,1,1,20201213,20211211
27547868,1,1,1,1,1,1,1,20201213,20211211
27547872,1,1,1,1,1,1,1,20201213,20211211
27547876,1,1,1,1,1,1,1,20201213,20211211
27547878,1,1,1,1,1,1,1,20201213,20211211
27547874,0,0,0,0,0,1,1,20201213,20211211
27547870,0,0,0,0,0,1,1,20201213,20211211
27547866,0,0,0,0,0,1,1,20201213,20211211
27547862,0,0,0,0,0,1,1,20201213,20211211
27547858,0,0,0,0,0,1,1,20201213,20211211
27547854,0,0,0,0,0,1,1,20201213,20211211
27547850,0,0,0,0,0,1,1,20201213,20211211
27547833,0,0,0,0,0,1,1,20201213,20211211
27547837,0,0,0,0,0,1,1,20201213,20211211
27547838,1,1,1,1,1,0,0,20201213,20211211
27547834,1,1,1,1,1,0,0,20201213,20211211
27547832,1,1,1,1,1,0,0,20201213,20211211
27547830,1,1,1,1,1,0,0,20201213,20211211
27547845,1,1,1,1,1,0,0,20201213,20211211
27547846,1,1,1,1,1,0,0,20201213,20211211
27547847,1,1,1,1,1,0,0,20201213,20211211
27547843,1,1,1,1,1,0,0,20201213,20211211
27547840,1,1,1,1,1,0,0,20201213,20211211
27547828,1,1,1,1,1,0,0,20201213,20211211
27547826,1,1,1,1,1,0,0,20201213,20211211
27547824,1,1,1,1,1,0,0,20201213,20211211
27547851,1,1,1,1,1,0,0,20201213,20211211
27547855,1,1,1,1,1,0,0,20201213,20211211
27547853,1,1,1,1,1,0,0,20201213,20211211
27547859,1,1,1,1,1,0,0,20201213,20211211
27547857,1,1,1,1,1,0,0,20201213,20211211
27547863,1,1,1,1,1,0,0,20201213,20211211
27547861,1,1,1,1,1,0,0,20201213,20211211
27547867,1,1,1,1,1,0,0,20201213,20211211
27547865,1,1,1,1,1,0,0,20201213,20211211
27547871,1,1,1,1,1,0,0,20201213,20211211
27547869,1,1,1,1,1,0,0,20201213,20211211
27547875,1,1,1,1,1,0,0,20201213,20211211
27547873,1,1,1,1,1,0,0,20201213,20211211
27547879,1,1,1,1,1,0,0,20201213,20211211
27547877,1,1,1,1,1,0,0,20201213,20211211
27547836,1,1,1,1,1,0,0,20201213,20211211
27547882,1,1,1,1,1,0,0,20201213,20211211
27547881,1,1,1,1,1,1,1,20201225,20211211
27547886,1,1,1,1,1,1,1,20201226,20211211
27547835,1,1,1,1,1,1,1,20201226,20211211
27547888,1,1,1,1,1,1,1,20210102,20211211
27547885,1,1,1,1,1,1,1,20210102,20211211
27547891,1,1,1,1,1,1,1,20201213,20211211
27547893,1,1,1,1,1,1,1,20201213,20211211
27547897,1,1,1,1,1,1,1,20201213,20211211
27547899,1,1,1,1,1,1,1,20201213,20211211
27547901,1,1,1,1,1,1,1,20201213,20211211
27547903,1,1,1,1,1,1,1,20201213,20211211
27547905,1,1,1,1,1,1,1,20201213,20211211
27547907,1,1,1,1,1,1,1,20201213,20211211
27547909,1,1,1,1,1,1,1,20201213,20211211
27547911,1,1,1,1,1,1,1,20201213,20211211
27547913,1,1,1,1,1,1,1,20201213,20211211
27547915,1,1,1,1,1,1,1,20201213,20211211
27547917,1,1,1,1,1,1,1,20201213,20211211
27547919,1,1,1,1,1,1,1,20201213,20211211
27547922,1,1,1,1,1,1,1,20201213,20211211
27547889,0,0,0,0,0,1,1,20201213,20211211
27547890,1,1,1,1,1,0,0,20201213,20211211
27547898,1,1,1,1,1,0,0,20201213,20211211
27547894,1,1,1,1,1,0,0,20201213,20211211
27547892,1,1,1,1,1,0,0,20201213,20211211
27547914,1,1,1,1,1,0,0,20201213,20211211
27547912,1,1,1,1,1,0,0,20201213,20211211
27547910,1,1,1,1,1,0,0,20201213,20211211
27547908,1,1,1,1,1,0,0,20201213,20211211
27547906,1,1,1,1,1,0,0,20201213,20211211
27547904,1,1,1,1,1,0,0,20201213,20211211
27547902,1,1,1,1,1,0,0,20201213,20211211
27547900,1,1,1,1,1,0,0,20201213,20211211
27547896,1,1,1,1,1,0,0,20201213,20211211
27547916,1,1,1,1,1,0,0,20201213,20211211
27547923,1,1,1,1,1,0,0,20210101,20211211
27547918,1,1,1,1,1,0,0,20201213,20211211
27547920,1,1,1,1,1,0,0,20201213,20211211
27547921,1,1,1,1,1,1,1,20201213,20211211
27547895,1,1,1,1,1,1,1,20201213,20211211
27344057,1,1,1,1,1,1,1,20201213,20211211
27344055,1,1,1,1,1,1,1,20201213,20211211
27344051,1,1,1,1,1,1,1,20201213,20211211
27344053,1,1,1,1,1,1,1,20201213,20211211
27344077,1,1,1,1,1,1,1,20201213,20211211
27344079,1,1,1,1,1,1,1,20201213,20211211
27344081,1,1,1,1,1,1,1,20201213,20211211
27344069,1,1,1,1,1,1,1,20201213,20211211
27344071,1,1,1,1,1,1,1,20201213,20211211
27344073,1,1,1,1,1,1,1,20201213,20211211
27344075,1,1,1,1,1,1,1,20201213,20211211
27344059,1,1,1,1,1,1,1,20201213,20211211
27344061,1,1,1,1,1,1,1,20201213,20211211
27344063,1,1,1,1,1,1,1,20201213,20211211
27344065,1,1,1,1,1,1,1,20201213,20211211
27344067,1,1,1,1,1,1,1,20201213,20211211
27344068,1,1,1,1,1,0,0,20201213,20211211
27344066,1,1,1,1,1,0,0,20201213,20211211
27344064,1,1,1,1,1,0,0,20201213,20211211
27344062,1,1,1,1,1,0,0,20201213,20211211
27344060,1,1,1,1,1,0,0,20201213,20211211
27344058,1,1,1,1,1,0,0,20201213,20211211
27344076,1,1,1,1,1,0,0,20201213,20211211
27344074,1,1,1,1,1,0,0,20201213,20211211
27344072,1,1,1,1,1,0,0,20201213,20211211
27344070,1,1,1,1,1,0,0,20201213,20211211
27344082,1,1,1,1,1,0,0,20201213,20211211
27344080,1,1,1,1,1,0,0,20201213,20211211
27344078,1,1,1,1,1,0,0,20201213,20211211
27344054,1,1,1,1,1,0,0,20201213,20211211
27344052,1,1,1,1,1,0,0,20201213,20211211
27344056,1,1,1,1,1,0,0,20201213,20211211
27344050,1,1,1,1,1,0,0,20201213,20211211
27346984,1,1,1,1,1,1,1,20201213,20211211
27346986,1,1,1,1,1,1,1,20201213,20211211
27346989,1,1,1,1,1,1,1,20201213,20211211
27346995,1,1,1,1,1,1,1,20201213,20211211
27346996,1,1,1,1,1,1,1,20201213,20211211
27346997,1,1,1,1,1,1,1,20201213,20211211
27346998,1,1,1,1,1,1,1,20201213,20211211
27346991,1,1,1,1,1,1,1,20201213,20211211
27346992,1,1,1,1,1,0,0,20201213,20211211
27346994,1,1,1,1,1,0,0,20201213,20211211
27346990,1,1,1,1,1,0,0,20201213,20211211
27346987,1,1,1,1,1,0,0,20201213,20211211
27346988,1,1,1,1,1,0,0,20201213,20211211
27346985,1,1,1,1,1,0,0,20201213,20211211
27346983,1,1,1,1,1,0,0,20201213,20211211
27346982,0,0,0,0,0,0,1,20201213,20211211
27346993,1,1,1,1,1,1,1,20201213,20211211
27346999,1,1,1,1,1,1,1,20201213,20211211
27347001,1,1,1,1,1,1,1,20201213,20211211
27347003,1,1,1,1,1,1,1,20201213,20211211
27347007,1,1,1,1,1,1,1,20201213,20211211
27347009,1,1,1,1,1,1,1,20201213,20211211
27347013,1,1,1,1,1,1,1,20201213,20211211
27347014,1,1,1,1,1,1,1,20201213,20211211
27347006,1,1,1,1,1,0,0,20201213,20211211
27347012,1,1,1,1,1,0,0,20201213,20211211
27347010,1,1,1,1,1,0,0,20201213,20211211
27347008,1,1,1,1,1,0,0,20201213,20211211
27347004,1,1,1,1,1,0,0,20201213,20211211
27347002,1,1,1,1,1,0,0,20201213,20211211
27347000,1,1,1,1,1,0,0,20201213,20211211
27347005,1,1,1,1,1,1,1,20201213,20211211
27347011,1,1,1,1,1,1,1,20201213,20211211
27347021,1,1,1,1,1,0,0,20201213,20211211
27347022,1,1,1,1,1,0,0,20201213,20211211
27347023,1,1,1,1,1,0,0,20201213,20211211
27347015,1,1,1,1,1,0,0,20201225,20211211
27347017,1,1,1,1,1,0,0,20201225,20211211
27347019,1,1,1,1,1,0,0,20201225,20211211
27672562,1,1,1,1,1,0,0,20201213,20211211
27672563,1,1,1,1,1,0,0,20201213,20211211
27672564,1,1,1,1,1,0,0,20201213,20211211
27672565,1,1,1,1,1,0,0,20201213,20211211
27672566,1,1,1,1,1,0,0,20201213,20211211
27672559,1,1,1,1,1,0,0,20201225,20211211
27672560,1,1,1,1,1,0,0,20201225,20211211
27672561,1,1,1,1,1,0,0,20201225,20211211
27672567,0,1,1,1,1,1,0,20210404,20211211
27347049,1,1,1,1,1,1,1,20201213,20211211
27347045,0,0,0,0,0,1,1,20201213,20211211
27347046,0,0,0,0,0,1,1,20201213,20211211
27347039,0,0,0,0,0,1,1,20201213,20211211
27347041,0,0,0,0,0,1,1,20201213,20211211
27347042,0,0,0,0,0,1,1,20201213,20211211
27347043,0,0,0,0,0,1,1,20201213,20211211
27347036,0,0,0,0,0,1,1,20201213,20211211
27347037,1,1,1,1,1,0,0,20201213,20211211
27347038,1,1,1,1,1,0,0,20201213,20211211
27347044,1,1,1,1,1,0,0,20201213,20211211
27347040,1,1,1,1,1,0,0,20201213,20211211
27347047,1,1,1,1,1,0,0,20201213,20211211
27347048,1,1,1,1,1,0,0,20201213,20211211
27347050,1,1,1,1,1,0,0,20201213,20211211
27347051,1,1,1,1,1,0,0,20201213,20211211
27347052,1,1,1,1,1,0,0,20201213,20211211
27347053,0,0,0,0,0,1,1,20201213,20211211
27347058,0,0,0,0,0,1,1,20201213,20211211
27347059,0,0,0,0,0,1,1,20201213,20211211
27347060,0,0,0,0,0,1,1,20201213,20211211
27347061,0,0,0,0,0,1,1,20201213,20211211
27347055,0,0,0,0,0,1,1,20201213,20211211
27347056,0,0,0,0,0,1,1,20201213,20211211
27347064,0,0,0,0,0,1,1,20201213,20211211
27347066,0,0,0,0,0,1,1,20201213,20211211
27347068,0,0,0,0,0,1,1,20201213,20211211
27347070,0,0,0,0,0,1,1,20201213,20211211
27347071,0,0,0,0,0,1,1,20201213,20211211
27347072,0,0,0,0,0,1,1,20201213,20211211
27347073,0,0,0,0,0,1,1,20201213,20211211
27347075,0,0,0,0,0,1,1,20201213,20211211
27347076,1,1,1,1,1,0,0,20201213,20211211
27347077,1,1,1,1,1,0,0,20201213,20211211
27347078,1,1,1,1,1,0,0,20201213,20211211
27347079,1,1,1,1,1,0,0,20201213,20211211
27347080,1,1,1,1,1,0,0,20201213,20211211
27347081,1,1,1,1,1,0,0,20201213,20211211
27347082,1,1,1,1,1,0,0,20201213,20211211
27347069,1,1,1,1,1,0,0,20201213,20211211
27347067,1,1,1,1,1,0,0,20201213,20211211
27347065,1,1,1,1,1,0,0,20201213,20211211
27347057,1,1,1,1,1,0,0,20201213,20211211
27347062,1,1,1,1,1,0,0,20201213,20211211
27347063,1,1,1,1,1,0,0,20201213,20211211
27347074,1,1,1,1,1,0,0,20201213,20211211
27347054,1,1,1,1,1,0,0,20201213,20211211
27672568,0,1,1,1,1,1,0,20210404,20211211
