shape_id,shape_pt_lat,shape_pt_lon,shape_pt_sequence,shape_dist_traveled
21639,38.6666922615115,-9.17934933354558,1,
21639,38.6744790213012,-9.17503547205408,2,
21639,38.6771819072982,-9.17641583000652,3,
21639,38.674544946138,-9.17506910012992,4,
21639,38.6724466680018,-9.17517427334448,5,
21639,38.6637755208232,-9.19016352993679,6,
21639,38.6553531498459,-9.18517643464405,7,
21639,38.6527617056274,-9.18598192009931,8,
21639,38.650198492867,-9.18959290553044,9,
21639,38.6488162958419,-9.18958601979858,10,
21639,38.6469370181124,-9.19191095996979,11,
21639,38.6459679489298,-9.189181677072,12,
21639,38.6446328684358,-9.18547755688688,13,
21639,38.6481370084128,-9.18334533820936,14,
22141,38.6481370084128,-9.18334533820936,1,
22141,38.6484841616634,-9.17831099634641,2,
22141,38.645505269559,-9.17978745706607,3,
22141,38.6446194219454,-9.18543001827607,4,
22141,38.6459402021236,-9.18915155731027,5,
22141,38.6468694008466,-9.19195597428733,6,
22141,38.6486924165532,-9.18961221872692,7,
22141,38.6503669358595,-9.18946914655569,8,
22141,38.6527714334331,-9.18595242393681,9,
22141,38.6552797367202,-9.18501114745412,10,
22141,38.663722570813,-9.1892564578885,11,
22141,38.6744790213012,-9.17503547205408,12,
22141,38.6771819072982,-9.17641583000652,13,
22141,38.674544946138,-9.17506910012992,14,
22141,38.6666922615115,-9.17934933354558,15,
192971,38.6292723183302,-9.11665440491256,1,
192971,38.6278191842044,-9.11372490293704,2,
192971,38.6288362282685,-9.11283141035949,3,
192971,38.6309975909304,-9.11558485205348,4,
192971,38.632393795971,-9.11790318934231,5,
192971,38.6298360299319,-9.11855068308894,6,
192971,38.6297011861339,-9.12172139795549,7,
192971,38.6306523083611,-9.1241928085727,8,
192971,38.6299516855184,-9.12601703669623,9,
192971,38.6279590397405,-9.12582113752222,10,
192971,38.6258469558086,-9.12557632338144,11,
192971,38.6239547425544,-9.12496956157951,12,
192971,38.6205467801043,-9.1280574716071,13,
192972,38.6205467801043,-9.1280574716071,1,
192972,38.6242405151659,-9.1250140894584,2,
192972,38.6258453399237,-9.12557486548864,3,
192972,38.6280106346282,-9.12579575514323,4,
192972,38.6300021394675,-9.12604244750801,5,
192972,38.6306532591896,-9.12421847039148,6,
192972,38.6296892334842,-9.12166421418668,7,
192972,38.6297162224927,-9.11883374924142,8,
192972,38.6323677015476,-9.11762702500514,9,
192972,38.630915004032,-9.11566659599307,10,
192972,38.6292723183302,-9.11665440491256,11,
192973,38.6306204303634,-9.19552220846041,1,
192973,38.6311868296259,-9.19346655156127,2,
192973,38.6309256439961,-9.19097584022606,3,
192973,38.628855897934,-9.18772793842102,4,
192973,38.6292474727241,-9.18411147547227,5,
192973,38.6313123940037,-9.18188375486595,6,
192973,38.6341775229787,-9.17886925445846,7,
192973,38.6354144697243,-9.17674144211834,8,
192973,38.6377737858244,-9.17538561695272,9,
192973,38.6405852985445,-9.1755942591317,10,
192973,38.6437659583064,-9.17311205372646,11,
192973,38.6447081995305,-9.17166309708198,12,
192973,38.6425441573091,-9.16955735572274,13,
192973,38.6413525453945,-9.16618929556887,14,
192973,38.6415065412304,-9.16091774042788,15,
192973,38.6414970038924,-9.1574907038994,16,
192973,38.6398133295538,-9.1557906440011,17,
192973,38.6390858206909,-9.15297775798039,18,
192973,38.6365511907188,-9.150316812589,19,
192974,38.6365511907188,-9.150316812589,1,
192974,38.6387785571172,-9.15336571855345,2,
192974,38.6396793409132,-9.15560601231612,3,
192974,38.6415090981529,-9.15776158003958,4,
192974,38.6415716710566,-9.16113757532226,5,
192974,38.6413533126942,-9.16617898549286,6,
192974,38.6423861106998,-9.16937778603059,7,
192974,38.6445687578901,-9.1709978726486,8,
192974,38.642369496846,-9.17421365416496,9,
192974,38.6397211030571,-9.17573287627694,10,
192974,38.6360127902102,-9.17635991360893,11,
192974,38.6341906599943,-9.17879064292866,12,
192974,38.6320272339836,-9.18169040333772,13,
192974,38.6292839385317,-9.18405677026664,14,
192974,38.6289192080193,-9.18789993607403,15,
192974,38.630928612659,-9.19097926833013,16,
192974,38.631247847176,-9.19311745967639,17,
192974,38.6302573674663,-9.19681336866042,18,
192974,38.6306204303634,-9.19552220846041,19,
192975,38.6433338009834,-9.09931020853624,1,
192975,38.6409481376028,-9.09845445032841,2,
192975,38.6386016333839,-9.09703961215892,3,
192975,38.6366241180698,-9.09499312947886,4,
192975,38.6346628356774,-9.09314642435418,5,
192975,38.6330643103874,-9.09101331774496,6,
192975,38.6310961226836,-9.08802048504756,7,
192975,38.6284894703432,-9.08622688318684,8,
192975,38.6268311401989,-9.08431210454088,9,
192975,38.6242862337416,-9.08570842088281,10,
192975,38.6220734323838,-9.08836248821743,11,
192975,38.6216672153963,-9.09173809290845,12,
192975,38.6213257343835,-9.09491982215009,13,
192975,38.6209092160723,-9.09859791577627,14,
192975,38.6194771366273,-9.10143538309241,15,
192975,38.6174686474587,-9.10183412240821,16,
192975,38.6179499713773,-9.09889324729619,17,
192975,38.6160477160114,-9.09671171486694,18,
192975,38.613112095877,-9.09444171153171,19,
192975,38.6102519843149,-9.09365829306042,20,
192975,38.6091729059502,-9.09466995826618,21,
192975,38.6095585741064,-9.10025296263118,22,
192976,38.6095585741064,-9.10025296263118,1,
192976,38.6091770524461,-9.0947530374455,2,
192976,38.6102738570817,-9.09365643800727,3,
192976,38.6130476787532,-9.09439735778109,4,
192976,38.6158230253007,-9.09641274735745,5,
192976,38.618063747487,-9.09890309111702,6,
192976,38.6209358519895,-9.09841459887731,7,
192976,38.6212905120478,-9.0952867992947,8,
192976,38.62184892838,-9.09001597197026,9,
192976,38.6224737630549,-9.08779954711291,10,
192976,38.6246701457442,-9.08525455649439,11,
192976,38.6273610094308,-9.08513367288521,12,
192976,38.6285607273011,-9.08629079254065,13,
192976,38.6310944848998,-9.08801354959181,14,
192976,38.6331776051694,-9.09116587180626,15,
192976,38.634833179979,-9.09330779876964,16,
192976,38.6365759979189,-9.09493422780351,17,
192976,38.6387938773126,-9.09717426059125,18,
192976,38.641345900457,-9.09859144409566,19,
192976,38.6433338009834,-9.09931020853624,20,
192977,38.5551767455883,-9.04207816213822,1,
192977,38.5541851271291,-9.04572655806259,2,
192977,38.5531356957644,-9.04943714890995,3,
192977,38.5543727778061,-9.05198195950224,4,
192977,38.5588988787414,-9.0520963468899,5,
192977,38.561184136881,-9.05210573163535,6,
192977,38.5640646663701,-9.05216908889471,7,
192977,38.5667282910899,-9.05204795926229,8,
192977,38.568630063538,-9.04657071368147,9,
192977,38.5663282401007,-9.04390021503494,10,
192977,38.5657585158209,-9.04032819168169,11,
192977,38.5650810604951,-9.03719521628688,12,
192977,38.5656681106907,-9.03607543771657,13,
192977,38.5724185560199,-9.0370874726147,14,
192977,38.5814328066089,-9.0443365985629,15,
192977,38.5846706492535,-9.050580798685,16,
192978,38.5846706492535,-9.050580798685,1,
192978,38.5813662618916,-9.04405634693023,2,
192978,38.5723867307672,-9.03738573118867,3,
192978,38.5661625367413,-9.03631005660838,4,
192978,38.5650798405552,-9.0371952824382,5,
192978,38.5657257802432,-9.04044638293217,6,
192978,38.566300691028,-9.0438876448159,7,
192978,38.5685816644964,-9.04671445682217,8,
192978,38.566581925325,-9.0520543998198,9,
192978,38.5640231897213,-9.05216897946767,10,
192978,38.5595167414288,-9.05209229564665,11,
192978,38.5580742142831,-9.05206942632814,12,
192978,38.5532371500785,-9.05201512751979,13,
192978,38.5530443598521,-9.0497421968463,14,
192978,38.5542406897432,-9.0455387351315,15,
192978,38.5551767455883,-9.04207816213822,16,
192979,38.6481370084128,-9.18334533820936,1,
192979,38.6484841616634,-9.17831099634641,2,
192979,38.645505269559,-9.17978745706607,3,
192979,38.6446194219454,-9.18543001827607,4,
192979,38.6459402021236,-9.18915155731027,5,
192979,38.6468694008466,-9.19195597428733,6,
192979,38.6486924165532,-9.18961221872692,7,
192979,38.6503669358595,-9.18946914655569,8,
192979,38.6527714334331,-9.18595242393681,9,
192979,38.6552797367202,-9.18501114745412,10,
192979,38.663722570813,-9.1892564578885,11,
192979,38.6666922615115,-9.17934933354558,12,
192980,38.6666922615115,-9.17934933354558,1,
192980,38.6637755208232,-9.19016352993679,2,
192980,38.6553531498459,-9.18517643464405,3,
192980,38.6527617056274,-9.18598192009931,4,
192980,38.650198492867,-9.18959290553044,5,
192980,38.6488162958419,-9.18958601979858,6,
192980,38.6469370181124,-9.19191095996979,7,
192980,38.6459679489298,-9.189181677072,8,
192980,38.6446328684358,-9.18547755688688,9,
192980,38.6481370084128,-9.18334533820936,10,
192981,38.613363799267,-9.11263062339983,1,
192981,38.613854712319,-9.11190915646106,2,
192981,38.6158827800051,-9.11193245312264,3,
192981,38.619073860265,-9.11120875054456,4,
192981,38.620858389891,-9.11068767430279,5,
192981,38.6221519245292,-9.11209865859222,6,
192981,38.6232598414864,-9.11445104622807,7,
192981,38.6234115799761,-9.11789110350063,8,
192981,38.6221697378132,-9.12245232465249,9,
192981,38.6205467801043,-9.1280574716071,10,
192982,38.6205467801043,-9.1280574716071,1,
192982,38.6220915275275,-9.12224749390413,2,
192982,38.6233853773897,-9.11820141970134,3,
192982,38.623125616794,-9.11454395250153,4,
192982,38.6219764962964,-9.11154776455449,5,
192982,38.6209671796498,-9.11063940156659,6,
192982,38.6186057411953,-9.1112772878434,7,
192982,38.6159120231275,-9.11192696203238,8,
192982,38.6138404474252,-9.11191272897653,9,
192982,38.613363799267,-9.11263062339983,10,
192983,38.6536942223893,-9.14904787357934,1,
192983,38.653779393923,-9.14733867628464,2,
192983,38.6534142756888,-9.14620619997306,3,
192983,38.650978868582,-9.14361595720469,4,
192983,38.648868962816,-9.14676734662577,5,
192983,38.6489285227229,-9.14928944351932,6,
192983,38.6464742040742,-9.1491185148072,7,
192983,38.6452922429755,-9.14702256153957,8,
192983,38.6427146071057,-9.14783426874983,9,
192983,38.6366169817752,-9.15019204314079,10,
192984,38.6366169817752,-9.15019204314079,1,
192984,38.6427328907215,-9.14782072133853,2,
192984,38.6452090722526,-9.14704900552269,3,
192984,38.6464251413276,-9.14896991536759,4,
192984,38.6489654674195,-9.1494104106237,5,
192984,38.6489516980471,-9.14657757236679,6,
192984,38.6505535556185,-9.14332146967551,7,
192984,38.6534525922026,-9.14590568551636,8,
192984,38.65403208088,-9.14752470508772,9,
192984,38.6554362083185,-9.14948220267015,10,
192984,38.654597933798,-9.15264303498726,11,
192984,38.6541350566212,-9.15176230187358,12,
192984,38.6536942223893,-9.14904787357934,13,
192985,38.6385679668519,-9.09841374072153,1,
192985,38.6397515072278,-9.09985796581587,2,
192985,38.6387279377829,-9.10078847731473,3,
192985,38.636621126143,-9.10031685443248,4,
192985,38.6338320897977,-9.09903083348594,5,
192985,38.6312583910755,-9.10117254952598,6,
192985,38.6290162947687,-9.10134036595899,7,
192985,38.6266837104799,-9.10109848139459,8,
192985,38.6241897849619,-9.10019617626822,9,
192985,38.6226655247987,-9.09849076633476,10,
192985,38.6194771366273,-9.10143538309241,11,
192985,38.6174686474587,-9.10183412240821,12,
192985,38.6162451735376,-9.10322480877351,13,
192985,38.6148589950357,-9.10376396025864,14,
192985,38.613275100882,-9.1019738188784,15,
192985,38.6096514948723,-9.1004333099429,16,
192986,38.6096514948723,-9.1004333099429,1,
192986,38.6132433798751,-9.10195139677793,2,
192986,38.6148259844493,-9.10375079075524,3,
192986,38.6162446975814,-9.10322575250764,4,
192986,38.6178515412116,-9.10217844407648,5,
192986,38.6192518971686,-9.10180659788186,6,
192986,38.6226611530649,-9.09849110535917,7,
192986,38.6242221753706,-9.10018046071207,8,
192986,38.6262365221233,-9.10109041068573,9,
192986,38.6293542916562,-9.10136131625296,10,
192986,38.6312711340153,-9.10013333309394,11,
192986,38.6339419046438,-9.09906794618284,12,
192986,38.6367558232075,-9.1003395019064,13,
192986,38.6385108076696,-9.10072475006472,14,
192986,38.6397504862962,-9.09985767561298,15,
192986,38.6385679668519,-9.09841374072153,16,
192987,38.5191872983267,-9.0132153696308,1,
192987,38.5227472979235,-9.01631255889649,2,
192987,38.5259291660082,-9.01813643765284,3,
192987,38.531077095829,-9.02113153115061,4,
192987,38.5361312027672,-9.02407942358744,5,
192987,38.5398136662226,-9.02621702029248,6,
192987,38.5442412543115,-9.02879289008702,7,
192987,38.5543188229845,-9.03471970468033,8,
192987,38.5533063635714,-9.038400204722,9,
192987,38.5544276579875,-9.04118984505198,10,
192987,38.5574315185129,-9.04255837614842,11,
192987,38.5584344421643,-9.04084884764528,12,
192987,38.5605519028872,-9.03849660844692,13,
192987,38.5603225100141,-9.04139101658817,14,
192987,38.5589885052713,-9.04615128279622,15,
192987,38.5575914704278,-9.05107123544326,16,
192987,38.5588988787414,-9.0520963468899,17,
192987,38.561184136881,-9.05210573163535,18,
192987,38.5640646663701,-9.05216908889471,19,
192987,38.5667282910899,-9.05204795926229,20,
192987,38.568630063538,-9.04657071368147,21,
192987,38.5700358270853,-9.04264264444228,22,
192987,38.5713974364257,-9.03896348108892,23,
192987,38.5724185560199,-9.0370874726147,24,
192987,38.5814328066089,-9.0443365985629,25,
192987,38.5846706492535,-9.050580798685,26,
192988,38.5846706492535,-9.050580798685,1,
192988,38.5813662618916,-9.04405634693023,2,
192988,38.5723867307672,-9.03738573118867,3,
192988,38.5713812632491,-9.03901028464446,4,
192988,38.5699412910836,-9.04299243901476,5,
192988,38.5685816644964,-9.04671445682217,6,
192988,38.566581925325,-9.0520543998198,7,
192988,38.5640231897213,-9.05216897946767,8,
192988,38.5595167414288,-9.05209229564665,9,
192988,38.5580742142831,-9.05206942632814,10,
192988,38.5575141692332,-9.05135316322406,11,
192988,38.5591962749191,-9.04539013270135,12,
192988,38.5603047335564,-9.04145914675333,13,
192988,38.5604205830542,-9.03842100450034,14,
192988,38.5584289824248,-9.04086798409414,15,
192988,38.5572392922614,-9.04247170612666,16,
192988,38.5546016603259,-9.04126108268568,17,
192988,38.5533402405191,-9.03827400249917,18,
192988,38.5550465764755,-9.03510880842048,19,
192988,38.5434294897905,-9.0283079279337,20,
192988,38.5388261632916,-9.02564381251727,21,
192988,38.5357753065719,-9.02387410274968,22,
192988,38.530054713129,-9.02054571947246,23,
192988,38.5255391303809,-9.01791733306264,24,
192988,38.5220197991563,-9.01589187139694,25,
192988,38.5191872983267,-9.0132153696308,26,
192989,38.5605519028872,-9.03849660844692,1,
192989,38.5603225100141,-9.04139101658817,2,
192989,38.5589885052713,-9.04615128279622,3,
192989,38.5575914704278,-9.05107123544326,4,
192989,38.5588988787414,-9.0520963468899,5,
192989,38.561184136881,-9.05210573163535,6,
192989,38.5640646663701,-9.05216908889471,7,
192989,38.5667282910899,-9.05204795926229,8,
192989,38.5673570554958,-9.05612806493578,9,
192989,38.5678776049522,-9.06568713767941,10,
192989,38.5846706492535,-9.050580798685,11,
192990,38.6620363396403,-9.16276875016854,1,
192990,38.6600283343302,-9.16199065650793,2,
192990,38.6582421886807,-9.16174520493035,3,
192990,38.6558784547202,-9.16182771041335,4,
192990,38.6546688501004,-9.1633723939102,5,
192990,38.6544537683769,-9.16591804521427,6,
192990,38.6529292276476,-9.16502586031079,7,
192990,38.6518556070914,-9.16365168070571,8,
192990,38.6516195769069,-9.16036695539708,9,
192990,38.6505450206318,-9.15970087146824,10,
192990,38.6491645080814,-9.15933422019497,11,
192990,38.6461369235928,-9.15981507319121,12,
192990,38.6437378106336,-9.15737536194444,13,
192990,38.6398133295538,-9.1557906440011,14,
192990,38.6390858206909,-9.15297775798039,15,
192990,38.6366996563783,-9.1500352548907,16,
192991,38.6366996563783,-9.1500352548907,1,
192991,38.6387785571172,-9.15336571855345,2,
192991,38.6396793409132,-9.15560601231612,3,
192991,38.643640696434,-9.15734726167417,4,
192991,38.6464581649782,-9.15992039235081,5,
192991,38.6483797175611,-9.16019622754336,6,
192991,38.6508007842808,-9.16111162422544,7,
192991,38.6518952357115,-9.16279499525816,8,
192991,38.6529684243279,-9.16559545734185,9,
192991,38.654527039736,-9.16590836305428,10,
192991,38.6546326077094,-9.16309906360697,11,
192991,38.6560090768616,-9.1618815062428,12,
192991,38.6583312054656,-9.16175240334406,13,
192991,38.6599196686197,-9.16197584789509,14,
192991,38.6608566098544,-9.16346417608486,15,
192991,38.6620363396403,-9.16276875016854,16,
192992,38.5565790327933,-9.0907160105217,1,
192992,38.5599881662755,-9.08962913415954,2,
192992,38.5631652569621,-9.08893721676818,3,
192992,38.5654640162605,-9.08844617618268,4,
192992,38.5678144638748,-9.08791003004164,5,
192992,38.5686960184056,-9.0862328875306,6,
192992,38.5732866030815,-9.08594649820002,7,
192992,38.5782330355019,-9.08551483984255,8,
192992,38.5791410502692,-9.08721883071909,9,
192992,38.579534636734,-9.08927815839181,10,
192992,38.5802401620215,-9.09304097380913,11,
192992,38.5818896221026,-9.09695990671746,12,
192992,38.5846512079523,-9.09583806130627,13,
192992,38.5886254419485,-9.09469725476404,14,
192992,38.5928867377861,-9.09347731715066,15,
192992,38.5951207753271,-9.09283678019186,16,
192992,38.5968873497177,-9.09232887790905,17,
192992,38.5987291403387,-9.09179933285859,18,
192992,38.6004003785958,-9.09353858717614,19,
192992,38.6012554774263,-9.09611918656652,20,
192992,38.6058875632692,-9.09377417931486,21,
192992,38.6067043825123,-9.09070435755142,22,
192992,38.6090713723071,-9.09197088280502,23,
192992,38.6091729059502,-9.09466995826618,24,
192992,38.6097714104728,-9.10059020169031,25,
192993,38.6097714104728,-9.10059020169031,1,
192993,38.6091770524461,-9.0947530374455,2,
192993,38.6067356925831,-9.09458554805919,3,
192993,38.6006399642007,-9.09630522963426,4,
192993,38.5997604204045,-9.0930230907962,5,
192993,38.5991220680062,-9.09166828733806,6,
192993,38.5970439275211,-9.09228338243338,7,
192993,38.5947247551153,-9.09295954131225,8,
192993,38.5926750115343,-9.09354285258455,9,
192993,38.5889230418199,-9.09463062037449,10,
192993,38.5846075782909,-9.09585110525901,11,
192993,38.5818871003056,-9.09696142933759,12,
192993,38.5802472165182,-9.09307476647892,13,
192993,38.5794799492778,-9.0890060048882,14,
192993,38.5790557383523,-9.08680401044205,15,
192993,38.5764051799244,-9.08504009455806,16,
192993,38.5732283685279,-9.08595156079695,17,
192993,38.5687675961394,-9.08622694474196,18,
192993,38.5682672270727,-9.08848585455088,19,
192993,38.5655284377127,-9.08909969618457,20,
192993,38.5631925562454,-9.08959682253256,21,
192993,38.5599882913812,-9.09029656656409,22,
192993,38.5565790327933,-9.0907160105217,23,
192994,38.6017157819155,-9.06233445903294,1,
192994,38.6037721909266,-9.065130724805,2,
192994,38.6083393272243,-9.0752933402611,3,
192994,38.6086167794153,-9.08129633373784,4,
192994,38.608436616308,-9.0848565413397,5,
192994,38.6081706110461,-9.08984796212504,6,
192994,38.6090713723071,-9.09197088280502,7,
192994,38.6091729059502,-9.09466995826618,8,
192994,38.6099378657174,-9.10095967483867,9,
192995,38.6099378657174,-9.10095967483867,1,
192995,38.6091770524461,-9.0947530374455,2,
192995,38.6079673094925,-9.09426724919239,3,
192995,38.6081991155176,-9.08929175903703,4,
192995,38.6084834470231,-9.08369825504206,5,
192995,38.6086895917986,-9.07978788955567,6,
192995,38.6076261638207,-9.07332897369641,7,
192995,38.6037502105635,-9.06509342491331,8,
192995,38.6017157819155,-9.06233445903294,9,
